1.415
1.444
1.336
1.332
1.281
1.317
1.274
1.453
1.626
1.705
1.741
1.573
1.521
1.559
1.587
1.844
1.541
1.314
1.218
1.222
1.269
1.245
1.212
1.241
1.248
1.261
1.220
1.277
1.276
1.250
1.309
1.464
1.400
1.352
1.324
1.580
1.535
1.428
1.555
1.315
1.233
1.305
1.357
1.448
1.496
1.439
1.313
1.436
1.539
1.835
1.452
1.697
1.731
1.837
1.906
1.857
1.684
1.632
1.735
1.856
1.453
1.300
1.375
1.578
1.631
1.273
1.327
1.517
1.627
1.397
1.251
1.305
1.239
1.220
1.253
1.320
1.309
1.297
1.206
1.300
1.267
1.339
1.395
1.350
1.265
1.310
1.259
1.250
1.276
1.242
1.194
1.259
1.267
1.237
1.239
1.511
1.434
1.261
1.433
1.444
1.778
1.602
1.615
1.332
1.491
1.382
1.282
1.330
1.415
1.332
1.348
1.302
1.341
1.326
1.350
1.328
1.281
1.271
1.348
1.390
1.272
1.299
1.292
1.301
1.366
1.335
1.273
1.278
1.244
1.420
1.525
1.523
1.552
1.597
1.512
1.461
1.393
1.323
1.331
1.541
1.356
1.427
1.417
1.661
1.644
1.381
1.583
1.865
1.810
1.762
1.622
1.687
1.863
1.895
1.401
1.386
1.280
1.304
1.720
1.417
1.414
1.384
1.350
1.306
1.309
1.336
1.272
1.290
1.321
1.273
1.279
1.270
1.266
1.307
1.323
1.384
1.267
1.224
1.233
1.205
1.337
1.324
1.356
1.348
1.303
1.266
1.331
1.322
1.312
1.316
1.338
1.320
1.317
1.285
1.283
1.280
1.235
1.308
1.341
1.221
1.369
1.323
1.259
1.330
1.516
1.374
1.377
1.231
1.198
1.401
1.325
1.377
1.338
1.386
1.275
1.596
1.359
1.306
1.300
1.334
1.255
1.266
1.266
1.295
1.531
1.564
1.364
1.469
1.327
1.244
1.290
1.238
1.247
1.243
1.331
1.345
1.312
1.264
1.297
1.257
1.265
1.296
1.319
1.313
1.292
1.340
1.325
1.314
1.292
1.277
1.303
1.343
1.317
1.321
1.352
1.341
1.347
1.342
1.283
1.483
1.844
1.932
1.350
1.308
1.329
1.245
1.290
1.245
1.286
1.744
1.535
1.526
1.516
1.679
1.616
1.622
1.712
1.659
1.495
1.715
1.662
1.634
1.589
1.293
1.344
1.490
1.551
1.729
1.794
1.693
1.723
1.704
1.766
1.673
1.446
1.550
1.464
1.484
1.279
1.216
1.452
1.286
1.294
1.471
1.722
1.728
1.638
1.541
1.320
1.291
1.336
1.427
1.350
1.428
1.443
1.451
1.502
1.353
1.406
1.577
1.502
1.459
1.578
1.595
1.868
1.651
1.614
1.462
1.686
1.584
1.583
1.801
1.706
1.436
1.377
1.335
1.381
1.248
1.243
1.291
1.335
1.389
1.310
1.511
1.590
1.318
1.516
1.642
1.594
1.542
1.641
1.731
1.701
1.662
1.671
1.797
1.781
1.654
1.591
1.565
1.594
1.257
1.325
1.287
1.312
1.517
1.383
1.427
1.362
1.372
1.247
1.257
1.196
1.323
1.303
1.274
1.320
1.274
1.281
1.320
1.340
1.325
1.313
1.337
1.317
1.364
1.292
1.293
1.319
1.320
1.347
1.294
1.293
1.317
1.286
1.288
1.269
1.383
1.341
1.458
1.373
1.305
1.339
1.360
1.315
1.304
1.344
1.333
1.409
1.355
1.240
1.241
1.303
1.332
1.337
1.340
1.303
1.311
1.480
1.456
1.461
1.325
1.362
1.354
1.348
1.253
1.299
1.270
1.298
1.373
1.387
1.252
1.275
1.307
1.310
1.359
1.339
1.307
1.379
1.293
1.288
1.266
1.379
1.270
1.297
1.336
1.430
1.359
1.353
1.404
1.561
1.327
1.303
1.460
1.357
1.359
1.309
1.346
1.449
1.418
1.332
1.331
1.273
1.293
1.307
1.312
1.320
1.360
1.399
1.493
1.337
1.402
1.320
1.511
1.327
1.347
1.371
1.263
1.275
1.419
1.312
1.345
1.331
1.368
1.790
1.833
1.918
1.819
1.727
1.523
1.552
1.709
1.669
1.575
1.576
1.862
1.855
1.748
1.740
1.980
1.771
1.677
1.871
1.461
1.498
1.643
1.666
1.214
1.408
1.529
1.440
1.479
1.567
1.439
1.428
1.326
1.329
1.275
1.495
1.320
1.356
1.362
1.599
1.522
1.684
1.707
1.612
1.537
1.614
1.540
1.527
1.564
1.545
1.605
1.615
1.634
1.660
1.453
1.390
1.430
1.343
1.308
1.482
1.451
1.386
1.261
1.283
1.364
1.300
1.392
1.632
1.602
1.653
1.540
1.550
1.638
1.632
1.275
1.282
1.430
1.502
1.668
1.422
1.352
1.323
1.227
1.249
1.211
1.170
1.209
1.283
1.315
1.259
1.266
1.320
1.280
1.316
1.362
1.526
1.359
1.685
1.726
1.723
1.417
1.687
1.659
1.561
1.490
1.525
1.735
1.859
1.618
1.677
1.756
1.831
1.533
1.475
1.498
1.583
1.522
1.519
1.537
1.414
1.402
1.567
1.535
1.467
1.508
1.448
1.600
1.768
1.541
1.480
1.286
1.438
1.369
1.336
1.288
1.203
1.242
1.292
1.313
1.282
1.268
1.274
1.294
1.447
1.295
1.287
1.206
1.301
1.352
1.224
1.212
1.254
1.237
1.211
1.216
1.286
1.292
1.270
1.222
1.289
1.253
1.264
1.278
1.224
1.350
1.409
1.392
1.401
1.313
1.469
1.270
1.283
1.214
1.309
1.335
1.228
1.357
1.295
1.257
1.314
1.247
1.339
1.272
1.250
1.306
1.301
1.278
1.304
1.287
1.367
1.233
1.285
1.238
1.294
1.318
1.270
1.274
1.317
1.270
1.274
1.259
1.303
1.233
1.246
1.336
1.337
1.276
1.371
1.336
1.336
1.515
1.366
1.349
1.300
1.289
1.281
1.312
1.355
1.298
1.278
1.277
1.284
1.311
1.284
1.322
1.220
1.274
1.430
1.435
1.382
1.425
1.587
1.345
1.244
1.243
1.256
1.379
1.331
1.347
1.334
1.365
1.362
1.491
1.575
1.667
1.568
1.620
1.620
1.713
1.797
1.448
1.332
1.398
1.321
1.353
1.297
1.301
1.270
1.324
1.283
1.372
1.483
1.424
1.371
1.312
1.205
1.254
1.329
1.250
1.263
1.290
1.256
1.245
1.298
1.280
1.356
1.344
1.396
1.315
1.284
1.202
1.292
1.287
1.284
1.249
1.279
1.197
1.210
1.288
1.249
1.310
1.346
1.282
1.361
1.433
1.223
1.268
1.292
1.353
1.320
1.319
1.422
1.411
1.382
1.481
1.482
1.358
1.326
1.454
1.480
1.352
1.313
1.292
1.242
1.225
1.185
1.317
1.302
1.258
1.186
1.288
1.344
1.368
1.347
1.374
1.443
1.599
1.300
1.339
1.318
1.324
1.227
1.367
1.458
1.264
1.319
1.247
1.296
1.270
1.325
1.256
1.334
1.173
1.254
1.318
1.233
1.512
1.833
1.399
1.420
1.403
1.416
1.866
1.498
1.584
1.854
1.778
1.726
1.845
1.761
1.827
1.760
1.695
1.662
1.866
1.739
1.875
1.745
1.925
1.878
1.851
1.812
1.731
1.868
1.893
1.821
1.803
1.461
1.329
1.279
1.364
1.312
1.269
1.533
1.509
1.478
1.454
1.276
1.421
1.350
1.250
1.310
1.313
1.289
1.266
1.271
1.284
1.251
1.261
1.341
1.267
1.226
1.250
1.286
1.233
1.311
1.286
1.327
1.323
1.380
1.296
1.316
1.283
1.301
1.338
1.308
1.245
1.328
1.267
1.292
1.368
1.393
1.324
1.252
1.311
1.317
1.364
1.323
1.447
1.334
1.319
1.356
1.302
1.311
1.296
1.336
1.293
1.237
1.298
1.288
1.278
1.291
1.280
1.339
1.351
1.341
1.398
1.411
1.436
1.344
1.398
1.475
1.263
1.298
1.388
1.359
1.488
1.639
1.432
1.494
1.615
1.591
1.454
1.695
1.747
1.601
1.570
1.604
1.623
1.791
1.440
1.430
1.601
1.443
1.365
1.588
1.486
1.533
1.490
1.429
1.396
1.414
1.411
1.414
1.381
1.491
1.385
1.338
1.388
1.374
1.344
1.348
1.307
1.334
1.368
1.583
1.644
1.666
1.593
1.823
1.623
1.557
1.595
1.241
1.309
1.350
1.500
1.453
1.571
1.750
1.864
1.693
1.696
1.864
1.480
1.323
1.255
1.348
1.299
1.312
1.413
1.353
1.389
1.315
1.315
1.323
1.518
1.355
1.361
1.386
1.333
1.394
1.409
1.314
1.296
1.268
1.331
1.294
1.589
1.425
1.425
1.399
1.345
1.275
1.309
1.314
1.276
1.284
1.283
1.254
1.327
1.291
1.261
1.370
1.279
1.310
1.288
1.270
1.381
1.441
1.731
1.660
1.291
1.273
1.470
1.330
1.267
1.314
1.281
1.305
1.311
1.326
1.359
1.319
1.308
1.286
1.261
1.316
1.315
1.333
1.334
1.310
1.372
1.391
1.333
1.257
1.320
1.329
1.414
1.763
1.678
1.322
1.407
1.384
1.335
1.342
1.514
1.498
1.630
1.533
1.296
1.340
1.483
1.521
1.526
1.344
1.528
1.514
1.528
1.510
1.502
1.609
1.600
1.559
1.473
1.287
1.305
1.410
1.408
1.312
1.346
1.287
1.422
1.425
1.399
1.349
1.241
1.246
1.320
1.184
1.261
1.358
1.471
1.663
1.499
1.704
1.440
1.298
1.308
1.357
1.535
1.387
1.466
1.455
1.398
1.369
1.347
1.426
1.361
1.274
1.300
1.391
1.390
1.418
1.413
1.270
1.372
1.293
1.327
1.396
1.310
1.294
1.288
1.309
1.388
1.345
1.366
1.345
1.316
1.324
1.335
1.319
1.262
1.326
1.356
1.312
1.285
1.322
1.255
1.299
1.241
1.311
1.306
1.314
1.254
1.265
1.339
1.323
1.345
1.236
1.261
1.299
1.301
1.333
1.243
1.277
1.330
1.363
1.237
1.217
1.280
1.299
1.261
1.366
1.220
1.350
1.323
1.232
1.335
1.395
1.417
1.266
1.286
1.403
1.309
1.281
1.326
1.226
1.199
1.307
1.342
1.305
1.329
1.242
1.298
1.316
1.305
1.191
1.471
1.428
1.451
1.498
1.451
1.380
1.379
1.388
1.397
1.400
1.345
1.391
1.257
1.216
1.266
1.345
1.447
1.377
1.401
1.370
1.398
1.458
1.418
1.382
1.442
1.313
1.351
1.370
1.372
1.352
1.359
1.327
1.276
1.320
1.281
1.306
1.319
1.414
1.409
1.280
1.357
1.413
1.511
1.591
1.728
1.743
1.433
1.433
1.538
1.459
1.401
1.478
1.470
1.460
1.857
1.484
1.618
1.786
1.854
1.822
1.720
1.332
1.432
1.437
1.362
1.557
1.353
1.403
1.363
1.542
1.374
1.482
1.424
1.570
1.710
1.549
1.416
1.463
1.361
1.423
1.402
1.466
1.380
1.374
1.291
1.295
1.391
1.402
1.454
1.342
1.360
1.415
1.503
1.475
1.373
1.306
1.333
1.346
1.330
1.232
1.332
1.280
1.306
1.350
1.334
1.340
1.452
1.436
1.562
1.570
1.605
1.645
1.353
1.289
1.683
1.618
1.528
1.510
1.349
1.277
1.317
1.338
1.413
1.524
1.692
1.443
1.524
1.619
1.687
1.747
1.780
1.555
1.408
1.311
1.378
1.412
1.455
1.455
1.421
1.540
1.401
1.695
1.627
1.646
1.413
1.495
1.427
1.431
1.537
1.688
1.605
1.588
1.572
1.871
1.860
1.791
1.709
1.673
1.661
1.635
1.729
1.616
1.566
1.603
1.909
1.592
1.625
1.464
1.399
1.373
1.345
1.557
1.551
1.616
1.556
1.285
1.373
1.426
1.503
1.297
1.336
1.431
1.363
1.365
1.451
1.273
1.426
1.378
1.358
1.298
1.483
1.613
1.629
1.925
1.855
1.687
1.591
1.240
1.405
1.254
1.444
1.386
1.420
1.431
1.785
1.686
1.852
1.559
1.315
1.344
1.311
1.342
1.326
1.477
1.411
1.278
1.300
1.302
1.292
1.256
1.309
1.262
1.332
1.353
1.296
1.279
1.323
1.320
1.282
1.291
1.235
1.318
1.315
1.352
1.733
1.659
1.477
1.767
1.701
1.733
1.693
1.751
1.752
1.737
1.654
1.696
1.675
1.691
1.443
1.451
1.504
1.752
1.943
1.788
1.558
1.784
1.685
1.790
1.618
1.440
1.632
1.573
1.797
1.874
1.889
1.772
1.562
1.414
1.451
1.338
1.514
1.481
1.379
1.348
1.288
1.286
1.323
1.330
1.307
1.294
1.238
1.246
1.266
1.289
1.312
1.316
1.341
1.450
1.311
1.289
1.380
1.344
1.391
1.285
1.265
1.304
1.345
1.355
1.333
1.334
1.387
1.397
1.342
1.380
1.304
1.272
1.330
1.270
1.320
1.318
1.300
1.424
1.392
1.395
1.315
1.223
1.356
1.354
1.307
1.260
1.273
1.347
1.343
1.310
1.245
1.304
1.321
1.242
1.327
1.344
1.283
1.368
1.250
1.297
1.277
1.566
1.463
1.381
1.263
1.258
1.414
1.345
1.247
1.312
1.262
1.329
1.293
1.270
1.309
1.299
1.212
1.332
1.245
1.238
1.278
1.404
1.316
1.293
1.293
1.260
1.252
1.266
1.335
1.257
1.326
1.276
1.339
1.345
1.337
1.269
1.302
1.262
1.394
1.312
1.328
1.260
1.300
1.237
1.221
1.292
1.285
1.272
1.251
1.376
1.345
1.310
1.320
1.235
1.318
1.276
1.276
1.267
1.301
1.390
1.418
1.516
1.289
1.256
1.319
1.439
1.268
1.285
1.295
1.267
1.293
1.311
1.259
1.482
1.316
1.297
1.314
1.302
1.328
1.349
1.182
1.246
1.218
1.265
1.238
1.195
1.288
1.276
1.273
1.237
1.240
1.284
1.268
1.264
1.205
1.565
1.522
1.322
1.284
1.282
1.345
1.387
1.405
1.637
1.778
1.642
1.658
1.638
1.872
1.803
1.736
1.792
1.486
1.514
1.643
1.678
1.574
1.709
1.500
1.661
1.718
1.646
1.670
1.522
1.520
1.523
1.670
1.514
1.558
1.539
1.575
1.424
1.423
1.465
1.518
1.539
1.495
1.422
1.394
1.639
1.834
1.539
1.572
1.611
1.555
1.572
1.394
1.504
1.335
1.487
1.500
1.409
1.571
1.563
1.513
1.471
1.575
1.510
1.615
1.523
1.512
1.732
1.819
1.699
1.599
1.335
1.466
1.463
1.655
1.787
1.648
1.506
1.342
1.316
1.308
1.290
1.355
1.308
1.267
1.370
1.437
1.407
1.427
1.416
1.452
1.469
1.383
1.455
1.273
1.328
1.291
1.355
1.259
1.452
1.415
1.394
1.324
1.271
1.273
1.262
1.200
1.237
1.248
1.299
1.289
1.254
1.168
1.233
1.251
1.277
1.370
1.316
1.333
1.277
1.328
1.382
1.320
1.464
1.474
1.504
1.699
1.620
1.879
1.877
1.866
1.688
1.736
1.639
1.492
1.483
1.596
1.552
1.570
1.678
1.666
1.561
1.540
1.621
1.600
1.795
1.436
1.512
1.371
1.521
1.428
1.642
1.392
1.309
1.265
1.241
1.382
1.350
1.733
1.715
1.678
1.416
1.522
1.581
1.635
1.718
1.757
1.686
1.791
1.494
1.585
1.675
1.704
1.835
1.848
1.387
1.378
1.279
1.344
1.375
1.375
1.299
1.328
1.357
1.387
1.402
1.401
1.426
1.435
1.458
1.466
1.367
1.351
1.439
1.521
1.324
1.323
1.227
1.311
1.206
1.325
1.329
1.312
1.427
1.440
1.698
1.782
1.755
1.617
1.376
1.637
1.472
1.664
1.495
1.557
1.609
1.530
1.600
1.680
1.664
1.868
1.643
1.609
1.631
1.231
1.244
1.310
1.619
1.464
1.465
1.313
1.370
1.592
1.489
1.376
1.403
1.227
1.340
1.295
1.287
1.423
1.281
1.336
1.433
1.293
1.231
1.261
1.317
1.319
1.350
1.392
1.375
1.368
1.668
1.541
1.576
1.701
1.780
1.798
1.851
1.796
1.737
1.515
1.468
1.601
1.466
1.461
1.499
1.638
1.463
1.529
1.497
1.579
1.548
1.698
1.659
1.375
1.301
1.294
1.469
1.465
1.557
1.599
1.561
1.584
1.787
1.740
1.757
1.758
1.769
1.449
1.430
1.328
1.308
1.367
1.378
1.328
1.311
1.288
1.317
1.289
1.287
1.235
1.292
1.295
1.297
1.232
1.258
1.317
1.346
1.359
1.426
1.364
1.323
1.308
1.376
1.298
1.358
1.501
1.373
1.213
1.257
1.292
1.247
1.287
1.290
1.239
1.421
1.592
1.460
1.359
1.339
1.274
1.246
1.344
1.326
1.343
1.342
1.394
1.360
1.326
1.327
1.321
1.427
1.329
1.380
1.443
1.487
1.601
1.569
1.308
1.325
1.341
1.293
1.517
1.490
1.766
1.645
1.740
1.669
1.715
1.707
1.467
1.426
1.401
1.227
1.320
1.265
1.253
1.210
1.344
1.392
1.582
1.783
1.805
1.664
1.848
1.828
1.782
1.815
1.709
1.686
1.741
1.926
1.741
1.531
1.498
1.427
1.381
1.373
1.362
1.370
1.404
1.269
1.294
1.579
1.300
1.354
1.338
1.290
1.311
1.326
1.302
1.374
1.644
1.393
1.518
1.476
1.348
1.366
1.794
1.801
1.847
1.755
1.717
1.713
1.660
1.710
1.682
1.692
1.554
1.441
1.476
1.358
1.358
1.339
1.381
1.294
1.414
1.363
1.392
1.403
1.360
1.328
1.326
1.317
1.427
1.333
1.320
1.345
1.430
1.323
1.336
1.350
1.306
1.307
1.315
1.323
1.389
1.372
1.340
1.348
1.345
1.294
1.341
1.342
1.347
1.309
1.332
1.368
1.391
1.319
1.435
1.371
1.300
1.368
1.523
1.551
1.519
1.466
1.405
1.353
1.284
1.396
1.417
1.381
1.345
1.350
1.511
1.684
1.792
1.614
1.593
1.666
1.376
1.288
1.275
1.304
1.289
1.338
1.363
1.295
1.263
1.299
1.366
1.352
1.290
1.474
1.335
1.488
1.482
1.399
1.430
1.335
1.339
1.334
1.360
1.321
1.240
1.340
1.314
1.305
1.373
1.395
1.421
1.370
1.410
1.801
1.564
1.759
1.618
1.315
1.569
1.616
1.493
1.591
1.576
1.735
1.651
1.569
1.301
1.415
1.570
1.701
1.441
1.332
1.276
1.335
1.340
1.333
1.433
1.265
1.348
1.406
1.334
1.355
1.323
1.414
1.349
1.352
1.458
1.251
1.349
1.356
1.333
1.312
1.270
1.382
1.236
1.318
1.334
1.310
1.307
1.231
1.289
1.337
1.383
1.360
1.219
1.294
1.252
1.293
1.286
1.460
1.619
1.646
1.606
1.623
1.572
1.416
1.568
1.472
1.499
1.484
1.648
1.719
1.576
1.463
1.644
1.876
1.537
1.764
1.657
1.463
1.328
1.368
1.345
1.487
1.313
1.336
1.330
1.379
1.300
1.289
1.220
1.334
1.308
1.289
1.280
1.357
1.320
1.255
1.224
1.274
1.326
1.335
1.452
1.456
1.322
1.275
1.297
1.367
1.345
1.305
1.323
1.321
1.362
1.414
1.923
1.910
1.878
1.814
1.760
1.810
1.786
1.858
1.707
1.703
1.723
1.323
1.292
1.306
1.334
1.324
1.302
1.231
1.318
1.242
1.279
1.291
1.300
1.231
1.296
1.265
1.347
1.276
1.274
1.224
1.304
1.286
1.286
1.289
1.224
1.280
1.256
1.226
1.251
1.279
1.217
1.212
1.284
1.322
1.234
1.335
1.349
1.313
1.264
1.279
1.281
1.336
1.286
1.308
1.299
1.489
1.434
1.313
1.332
1.319
1.328
1.305
1.327
1.340
1.350
1.544
1.536
1.497
1.437
1.146
1.320
1.281
1.286
1.557
1.401
1.545
1.343
1.623
1.520
1.462
1.458
1.596
1.699
1.772
1.740
1.472
1.467
1.393
1.351
1.505
1.588
1.536
1.534
1.435
1.570
1.645
1.503
1.504
1.824
1.753
1.738
1.737
1.784
1.719
1.573
1.484
1.556
1.514
1.413
1.431
1.436
1.544
1.590
1.521
1.533
1.333
1.385
1.435
1.570
1.519
1.759
1.750
1.344
1.348
1.279
1.322
1.398
1.334
1.354
1.324
1.297
1.270
1.258
1.274
1.416
1.229
1.332
1.322
1.416
1.303
1.320
1.280
1.322
1.424
1.441
1.366
1.347
1.304
1.363
1.351
1.266
1.354
1.341
1.547
1.439
1.318
1.315
1.323
1.262
1.276
1.337
1.460
1.411
1.438
1.451
1.375
1.487
1.504
1.340
1.495
1.596
1.555
1.534
1.655
1.539
1.430
1.458
1.399
1.420
1.427
1.369
1.575
1.331
1.478
1.304
1.300
1.308
1.306
1.279
1.328
1.335
1.242
1.248
1.267
1.348
1.439
1.538
1.390
1.378
1.347
1.305
1.456
1.449
1.343
1.401
1.444
1.333
1.266
1.271
1.306
1.261
1.272
1.282
1.231
1.354
1.300
1.362
1.401
1.361
1.467
1.397
1.456
1.330
1.309
1.366
1.336
1.289
1.313
1.258
1.194
1.180
1.208
1.348
1.287
1.308
1.276
1.213
1.323
1.308
1.283
1.267
1.308
1.287
1.274
1.533
1.381
1.463
1.399
1.406
1.303
1.303
1.409
1.369
1.489
1.558
1.518
1.377
1.349
1.292
1.188
1.266
1.216
1.331
1.345
1.428
1.418
1.352
1.375
1.387
1.387
1.386
1.367
1.259
1.356
1.362
1.387
1.455
1.414
1.358
1.390
1.179
1.214
1.250
1.430
1.767
1.376
1.303
1.607
1.613
1.491
1.534
1.646
1.560
1.597
1.528
1.469
1.271
1.444
1.367
1.395
1.468
1.621
1.656
1.579
1.404
1.322
1.313
1.319
1.308
1.352
1.396
1.323
1.603
1.408
1.436
1.469
1.310
1.365
1.315
1.359
1.354
1.528
1.437
1.525
1.349
1.434
1.365
1.345
1.338
1.285
1.595
1.653
1.598
1.533
1.549
1.622
1.588
1.561
1.508
1.645
1.529
1.366
1.516
1.646
1.661
1.329
1.416
1.264
1.322
1.640
1.628
1.348
1.268
1.391
1.330
1.341
1.309
1.194
1.306
1.251
1.342
1.294
1.329
1.509
1.576
1.619
1.528
1.403
1.368
1.368
1.468
1.436
1.396
1.393
1.309
1.225
1.219
1.170
1.274
1.306
1.300
1.380
1.251
1.322
1.356
1.375
1.268
1.235
1.215
1.222
1.250
1.332
1.373
1.279
1.340
1.329
1.324
1.238
1.232
1.260
1.241
1.258
1.282
1.300
1.272
1.234
1.237
1.203
1.213
1.308
1.339
1.326
1.242
1.286
1.279
1.480
1.293
1.307
1.321
1.339
1.262
1.295
1.327
1.313
1.395
1.271
1.333
1.344
1.382
1.330
1.272
1.293
1.296
1.276
1.282
1.321
1.255
1.429
1.398
1.391
1.566
1.458
1.498
1.457
1.453
1.229
1.236
1.294
1.357
1.333
1.287
1.243
1.354
1.584
1.494
1.445
1.334
1.388
1.305
1.304
1.433
1.389
1.369
1.479
1.376
1.350
1.375
1.378
1.542
1.340
1.341
1.657
1.559
1.344
1.327
1.400
1.590
1.315
1.291
1.393
1.376
1.468
1.289
1.375
1.438
1.445
1.365
1.228
1.292
1.322
1.481
1.575
1.507
1.425
1.515
1.546
1.352
1.360
1.581
1.623
1.469
1.393
1.516
1.460
1.559
1.533
1.536
1.468
1.502
1.563
1.610
1.605
1.533
1.458
1.491
1.456
1.583
1.607
1.453
1.388
1.541
1.780
1.731
1.837
1.749
1.675
1.555
1.372
1.640
1.446
1.560
1.220
1.249
1.301
1.319
1.354
1.301
1.433
1.485
1.434
1.290
1.387
1.629
1.554
1.509
1.533
1.867
1.467
1.390
1.394
1.642
1.658
1.366
1.269
1.289
1.706
1.688
1.592
1.480
1.688
1.643
1.683
1.583
1.796
1.939
1.606
1.757
1.793
1.689
1.699
1.735
1.612
1.412
1.335
1.336
1.504
1.557
1.783
1.580
1.554
1.514
1.599
1.631
1.646
1.684
1.789
1.723
1.607
1.599
1.742
1.611
1.510
1.598
1.570
1.503
1.673
1.597
1.616
1.640
1.598
1.430
1.569
1.659
1.565
1.583
1.635
1.597
1.690
1.469
1.345
1.362
1.456
1.471
1.539
1.506
1.830
1.638
1.749
1.641
1.652
1.807
1.698
1.432
1.337
1.368
1.306
1.270
1.357
1.296
1.311
1.406
1.373
1.392
1.327
1.278
1.272
1.327
1.384
1.301
1.311
1.280
1.306
1.383
1.266
1.295
1.379
1.406
1.394
1.271
1.309
1.331
1.323
1.321
1.314
1.262
1.261
1.306
1.213
1.413
1.365
1.395
1.329
1.447
1.360
1.360
1.222
1.348
1.158
1.279
1.341
1.324
1.391
1.412
1.530
1.513
1.387
1.343
1.290
1.396
1.415
1.295
1.332
1.272
1.276
1.312
1.329
1.311
1.347
1.291
1.363
1.477
1.466
1.788
1.360
1.396
1.439
1.313
1.393
1.277
1.579
1.325
1.763
1.535
1.569
1.619
1.626
1.648
1.614
1.550
1.613
1.341
1.462
1.507
1.827
1.642
1.689
1.701
1.726
1.756
1.804
1.736
1.818
1.848
1.599
1.314
1.433
1.280
1.325
1.307
1.346
1.361
1.391
1.543
