35.679
32.304
29.578
29.745
30.405
28.440
23.125
31.273
21.730
26.618
28.629
39.496
40.210
36.180
32.130
36.167
27.791
29.913
26.039
27.020
25.168
27.723
20.384
20.462
11.148
26.233
29.977
30.971
28.993
26.459
26.549
30.867
31.169
27.358
32.950
34.368
27.787
27.094
27.335
22.502
25.611
17.581
22.587
22.216
29.412
28.851
32.913
33.341
32.473
24.296
31.222
30.875
40.272
40.308
37.475
36.684
28.564
32.863
38.196
41.137
31.750
27.865
27.394
35.643
30.787
27.937
25.582
32.089
33.210
28.228
13.152
11.986
11.085
18.044
16.889
15.058
14.182
28.361
25.636
18.605
20.213
15.988
27.085
18.243
20.618
21.065
29.970
23.591
24.179
25.701
21.858
25.755
16.622
20.490
23.146
35.411
35.522
30.460
36.661
30.386
38.226
37.329
39.469
42.235
36.533
35.797
31.058
36.243
38.727
35.832
38.672
37.867
36.228
34.303
34.487
35.603
30.918
27.979
26.156
35.608
25.280
35.088
37.989
36.388
29.410
27.217
33.679
33.264
33.310
24.451
28.694
28.819
29.376
27.537
27.785
28.467
30.015
21.088
23.367
26.143
24.532
38.436
36.811
35.034
38.516
34.400
39.569
30.723
36.064
38.215
31.297
38.508
44.077
42.791
39.468
37.485
36.138
37.038
42.102
26.002
27.721
31.878
30.832
31.361
34.549
40.448
39.357
40.282
28.152
34.382
35.586
35.359
30.007
39.957
38.534
34.018
27.614
30.657
26.227
25.442
33.163
34.201
34.943
27.834
25.911
30.739
31.628
32.703
34.907
40.408
39.397
32.261
33.170
25.901
32.121
25.592
32.179
31.381
28.057
27.846
32.525
25.170
32.720
27.398
29.428
24.960
23.027
23.897
22.167
34.819
30.070
29.446
33.203
29.722
22.498
20.144
32.925
25.757
26.429
34.091
36.637
32.914
31.803
28.927
29.211
30.341
29.139
24.215
22.693
19.535
18.299
21.260
25.082
27.965
29.955
33.779
34.419
37.607
35.192
40.897
28.353
25.363
33.554
33.306
35.708
36.172
34.197
31.715
30.405
33.369
29.448
28.363
32.763
33.774
36.172
32.945
31.500
35.422
41.340
36.549
33.742
47.554
34.738
29.942
36.370
34.098
40.664
26.363
31.830
37.710
38.017
35.944
30.037
29.923
32.767
27.288
33.122
43.320
30.329
34.234
34.094
32.546
31.923
36.003
39.313
34.394
33.249
33.976
33.879
32.763
36.222
31.636
35.756
29.045
23.335
25.616
25.504
34.445
33.601
31.670
32.108
30.872
30.466
42.120
32.880
37.205
37.978
30.820
30.877
30.764
37.967
35.679
33.670
39.455
36.408
33.178
35.347
37.378
36.968
36.569
31.938
42.096
36.195
32.096
35.065
35.335
33.103
26.987
37.719
33.800
32.720
39.352
41.230
29.583
28.975
23.363
31.277
23.809
24.986
27.236
29.436
35.937
25.110
36.107
35.757
30.654
31.807
30.335
32.733
34.387
34.345
33.645
40.692
40.876
35.904
40.583
37.582
35.358
32.865
36.248
34.141
22.241
30.886
32.445
31.790
39.096
33.280
30.200
26.732
32.107
32.603
26.029
28.158
28.778
24.995
30.860
34.617
28.277
32.064
36.334
37.214
28.533
37.591
37.653
33.231
32.536
26.193
29.770
30.612
28.453
34.959
29.005
27.487
25.872
31.143
25.638
31.324
35.200
37.510
38.124
32.786
34.090
36.824
37.984
35.960
31.220
34.421
33.931
29.081
33.959
30.731
34.742
36.119
38.867
33.882
38.275
36.429
37.869
34.975
33.234
33.240
36.181
37.152
33.975
38.588
32.594
33.229
36.118
34.602
35.002
29.373
31.745
31.119
32.041
35.559
32.820
39.204
40.305
31.699
35.207
34.028
31.188
34.708
27.001
35.382
30.218
29.506
36.186
39.199
34.128
33.474
27.750
29.664
36.880
31.006
29.275
33.173
29.707
31.371
29.859
35.459
37.259
31.890
33.939
29.451
34.521
37.483
34.513
42.392
34.128
30.741
26.533
34.333
26.482
30.064
29.897
30.033
33.863
29.870
34.971
31.947
24.219
32.896
31.212
28.753
32.976
36.361
40.932
35.685
28.351
35.510
35.593
37.696
35.197
35.240
41.993
40.203
41.503
42.152
48.682
41.945
43.859
44.714
36.134
33.373
34.868
41.259
26.207
29.639
30.945
21.574
30.000
28.863
28.262
28.670
37.365
31.003
30.626
32.890
37.394
31.023
33.125
35.979
35.624
42.895
42.996
32.026
31.135
42.725
36.455
34.942
33.986
30.649
36.854
39.225
40.670
37.908
36.360
32.693
36.974
30.831
32.198
35.345
35.600
31.535
20.291
31.175
33.911
28.150
31.704
40.073
38.537
36.988
37.879
24.491
39.802
36.184
17.870
23.356
29.278
28.253
33.248
23.875
31.003
23.758
28.104
22.080
21.618
17.652
20.248
20.861
26.634
23.557
19.624
17.241
16.989
21.635
18.962
26.953
17.877
31.108
30.952
30.593
24.681
29.250
35.657
26.525
26.703
23.995
27.228
32.051
26.789
24.306
29.706
33.054
32.949
24.560
26.942
29.822
29.856
30.450
27.062
27.944
27.856
26.838
32.713
32.219
31.305
31.638
35.800
34.789
37.842
34.820
36.050
31.193
31.080
23.966
27.109
26.394
28.062
31.491
25.028
32.152
25.179
30.225
34.540
26.363
26.929
33.949
26.120
25.490
26.896
34.574
39.110
34.231
32.515
34.320
31.086
29.530
31.975
29.241
22.917
35.772
26.587
28.644
31.587
31.563
28.091
31.681
41.339
35.713
31.977
38.801
32.348
28.171
30.846
39.811
33.466
28.244
34.397
40.558
34.321
37.348
29.998
38.055
27.828
28.506
32.399
28.489
32.983
33.887
28.147
27.729
24.510
29.972
30.232
39.471
39.483
32.629
25.179
32.665
25.724
37.206
28.993
33.786
24.189
32.440
31.290
32.802
29.536
30.960
38.976
32.766
32.343
36.249
30.970
40.483
34.713
36.180
34.906
34.679
40.586
29.052
33.081
32.498
33.618
33.039
38.610
25.235
23.997
17.518
31.628
12.288
21.331
25.837
28.682
23.294
30.028
34.788
29.062
29.926
39.931
34.721
37.091
33.188
36.144
39.886
27.512
41.086
40.809
40.554
46.258
44.066
22.235
29.354
32.683
34.538
38.038
24.207
33.645
27.251
39.352
37.150
39.204
37.112
36.218
35.989
39.422
30.734
33.554
29.073
31.290
35.299
37.023
41.045
33.951
35.084
33.841
40.430
30.755
32.606
30.183
28.276
27.868
30.825
29.865
28.836
32.428
30.022
31.680
27.589
25.077
29.264
32.830
32.601
34.747
37.876
28.140
20.643
33.391
37.767
37.048
37.331
33.682
34.976
40.104
29.706
29.767
28.920
25.917
30.128
27.507
31.783
26.755
31.418
32.704
23.751
29.273
27.941
29.990
25.515
30.608
27.631
26.963
28.170
28.896
27.243
27.322
37.395
30.285
31.897
34.907
34.500
28.776
34.589
35.274
32.675
20.746
24.455
29.153
38.347
35.192
33.340
31.476
33.104
34.072
23.643
23.235
31.456
30.768
42.733
43.905
32.719
32.568
26.804
40.854
37.973
40.974
47.453
44.382
44.299
38.954
38.461
33.538
35.538
36.265
35.113
36.981
36.934
37.774
44.654
36.189
43.741
43.877
41.545
40.027
37.645
33.749
38.220
40.035
36.942
37.359
36.330
29.582
31.072
27.883
33.725
36.670
37.265
35.955
31.220
40.021
40.365
28.077
30.511
37.343
37.170
38.096
35.784
31.189
33.923
28.644
28.924
27.947
27.892
28.303
29.222
28.761
37.679
30.585
34.867
39.766
37.230
39.862
36.229
33.613
39.330
41.751
39.835
33.847
35.620
37.897
31.513
37.895
36.141
27.067
29.569
32.042
31.878
31.678
30.555
31.011
28.502
29.339
32.332
37.747
38.124
29.577
27.032
22.681
29.656
29.795
28.051
27.345
26.605
28.818
30.081
31.852
28.839
34.554
36.974
36.292
35.108
30.893
34.106
29.883
32.105
28.981
33.283
30.688
26.339
30.074
38.754
37.143
36.718
31.789
29.141
29.420
23.315
25.048
33.247
28.880
26.269
24.081
25.483
28.340
29.489
32.155
34.297
30.046
35.900
33.148
37.465
31.364
30.205
24.918
27.888
24.559
23.763
33.648
35.473
35.455
28.242
28.716
29.001
30.358
34.094
23.449
38.071
33.707
33.772
37.192
34.242
35.172
21.875
27.961
33.171
35.962
32.663
39.842
29.400
28.313
37.485
44.457
43.133
45.030
41.170
39.215
26.433
25.095
30.277
23.423
35.500
31.357
35.578
34.800
31.653
36.324
26.675
32.786
40.175
38.775
34.564
33.962
34.051
28.442
34.395
39.417
29.869
28.166
34.242
34.161
37.599
33.931
42.390
32.662
39.285
37.217
35.635
32.727
31.114
32.213
30.660
31.871
33.325
38.023
35.300
39.690
33.829
36.490
37.156
36.758
34.645
43.536
40.457
36.764
34.600
38.334
39.734
29.408
35.912
31.767
33.986
31.709
41.027
40.642
29.073
31.070
32.383
36.626
24.778
32.830
31.801
27.119
30.059
31.033
31.133
27.034
26.457
26.565
24.772
27.145
26.816
30.329
25.791
25.987
19.066
26.531
19.466
29.771
28.205
41.135
25.932
34.899
26.168
35.332
36.903
31.210
28.852
29.040
26.319
22.403
29.441
29.665
26.810
32.809
33.663
29.803
31.487
35.667
31.335
30.605
30.739
27.775
29.143
29.302
34.359
33.089
30.129
31.712
29.880
27.314
27.427
29.283
28.160
36.463
34.224
39.074
35.581
39.659
36.450
37.216
36.357
33.948
30.750
34.027
30.618
34.065
32.227
36.320
30.769
34.157
29.225
33.087
41.714
36.463
37.710
37.498
31.816
36.307
43.098
40.998
33.088
34.365
24.531
29.340
38.518
41.192
34.784
39.492
37.352
30.545
40.566
32.466
36.145
28.978
34.216
34.735
29.849
34.585
35.738
26.441
35.197
33.776
35.645
35.551
34.378
38.047
37.482
28.626
33.198
26.882
28.787
32.917
27.921
26.570
18.945
31.986
28.926
26.001
30.474
32.150
28.047
31.214
21.500
26.946
24.907
29.798
25.718
31.002
28.982
32.654
29.532
32.918
32.119
33.595
33.358
35.048
35.751
37.799
33.880
31.318
26.584
24.491
19.889
28.344
28.477
28.223
32.638
36.026
20.419
32.915
33.990
36.976
40.950
44.306
35.498
32.510
32.085
29.762
25.903
30.309
31.743
29.265
26.473
28.078
33.527
29.363
33.692
33.903
37.881
35.244
39.360
34.518
37.903
32.160
32.029
27.302
32.179
40.474
37.723
38.339
35.286
25.027
23.972
27.418
30.467
29.688
31.695
36.051
23.617
29.625
31.061
36.871
35.986
23.648
30.511
36.916
35.773
35.242
37.020
37.169
35.989
31.935
30.550
37.509
31.068
34.802
43.897
38.150
35.718
39.465
32.465
40.856
30.801
36.639
36.953
34.829
30.817
24.698
32.255
26.365
39.334
36.941
28.815
29.860
34.938
33.131
35.688
34.865
38.406
35.398
35.926
33.003
31.929
33.624
26.488
38.387
34.538
36.878
34.627
33.969
33.740
38.259
30.196
32.661
33.881
30.788
30.678
33.894
33.598
31.862
32.989
31.291
31.485
35.043
36.405
31.453
23.410
26.906
22.945
36.352
36.285
29.366
30.244
33.671
34.918
37.371
39.318
36.770
31.896
37.740
36.458
29.225
32.787
35.266
31.441
30.349
37.620
39.362
33.974
39.240
36.483
38.828
42.094
37.630
40.363
38.211
40.025
35.875
37.878
35.729
37.483
36.812
34.842
37.015
35.867
37.437
39.446
39.650
37.848
37.324
35.302
30.357
41.578
44.433
40.521
38.652
39.263
37.522
28.624
37.975
34.436
34.186
23.592
35.337
27.939
35.636
26.671
34.024
31.379
32.357
31.246
31.228
28.509
33.511
27.653
29.872
36.423
34.753
24.719
31.084
30.415
33.639
31.521
30.183
26.909
35.779
33.999
38.402
27.840
30.133
25.327
25.256
41.316
30.743
34.624
33.327
28.407
32.555
22.802
41.244
45.344
30.675
25.760
44.278
45.708
43.402
46.839
31.363
29.250
31.210
34.374
34.136
34.879
32.712
37.364
36.606
31.170
32.467
33.951
32.172
29.095
37.249
29.969
33.048
28.722
28.858
35.933
34.958
35.210
29.436
32.297
37.385
35.500
42.321
40.502
35.101
34.517
38.384
39.549
31.985
33.399
39.805
37.098
40.450
39.859
34.766
41.677
40.475
40.259
32.674
43.188
46.564
41.459
43.834
42.089
43.443
45.931
37.069
32.625
30.521
31.921
31.976
32.575
39.861
37.023
43.029
40.210
32.199
16.113
27.291
34.133
35.480
29.926
35.498
34.331
27.798
24.459
23.922
19.583
25.606
22.723
25.157
28.241
20.011
23.047
29.161
29.713
26.244
32.537
41.648
39.430
35.572
30.651
30.163
33.171
33.867
36.136
36.278
37.761
33.162
31.624
36.401
39.016
36.978
37.824
35.492
42.222
36.149
36.011
27.360
38.210
39.880
36.932
39.192
27.643
35.936
27.434
35.928
25.582
32.671
28.996
35.542
34.041
34.363
28.532
31.487
27.046
24.848
27.461
30.804
35.370
30.831
35.149
37.200
33.754
28.790
32.126
27.363
28.147
23.723
25.243
25.899
23.480
32.018
29.177
26.324
24.261
30.065
28.052
23.124
24.773
24.420
29.746
33.031
29.902
29.773
28.817
32.380
23.767
29.486
26.943
36.268
36.331
35.642
36.189
32.747
26.882
32.229
31.883
33.268
33.114
27.120
32.609
33.324
36.205
36.707
31.194
30.531
23.635
34.028
29.292
29.682
31.669
31.279
30.254
31.290
27.675
32.742
27.625
32.591
30.140
32.651
27.291
33.455
30.899
29.269
30.582
34.559
29.180
26.443
28.655
30.106
30.959
30.864
27.160
36.658
29.520
34.684
37.706
29.480
26.642
33.058
23.968
24.171
17.160
19.197
27.387
26.335
27.236
34.886
32.064
24.236
27.733
29.795
18.649
13.668
14.859
17.967
26.090
28.312
36.264
25.020
29.511
34.177
34.817
31.843
42.302
35.376
38.596
34.803
33.334
36.124
36.227
35.888
33.286
36.766
37.265
41.007
45.219
41.597
40.908
35.345
31.265
32.886
35.365
37.896
36.347
28.398
29.748
35.255
40.284
36.017
35.844
32.786
29.313
30.154
34.089
33.811
32.280
31.791
34.598
29.585
37.247
35.990
26.946
41.908
42.754
40.474
35.234
33.751
37.580
29.531
35.095
37.959
36.142
34.432
32.444
20.783
35.564
38.110
32.324
37.103
42.386
38.404
40.954
40.698
40.808
34.043
29.561
25.811
33.276
36.981
40.811
41.193
40.932
34.859
38.612
36.925
35.387
37.696
38.613
31.462
35.601
30.213
36.973
35.220
37.889
43.460
41.287
31.124
37.090
32.867
29.387
31.924
32.984
29.426
33.521
38.651
40.468
23.336
34.364
32.387
32.763
28.016
21.954
34.441
31.064
34.968
30.530
25.724
29.872
26.284
24.474
21.407
23.644
32.089
19.862
23.223
25.071
31.319
35.519
35.676
34.922
37.726
35.252
36.540
42.382
32.546
45.305
45.736
39.455
38.402
38.938
36.201
39.713
34.222
40.560
38.682
32.520
39.781
41.070
39.276
44.307
41.555
42.708
34.277
39.771
38.822
35.391
40.017
38.002
29.237
31.567
31.096
26.154
32.124
31.327
46.337
34.777
44.606
35.962
29.661
40.069
34.418
35.262
35.654
33.981
34.442
36.982
35.612
41.777
38.944
37.769
34.717
34.239
29.290
28.505
30.594
35.532
35.064
37.312
41.088
29.875
34.030
32.230
42.772
38.261
27.277
36.561
34.475
34.831
25.963
32.487
25.078
26.745
30.287
30.380
32.868
32.529
32.122
37.039
30.962
31.093
32.723
36.290
30.619
34.702
34.605
35.159
37.275
37.887
42.596
35.118
33.612
37.344
37.906
42.340
38.470
39.982
45.014
34.161
24.795
28.368
24.065
18.519
22.867
28.164
27.789
19.311
28.687
29.896
21.878
19.329
19.731
21.831
23.318
24.111
19.797
15.948
22.374
24.700
24.334
18.536
21.372
29.220
38.259
31.588
32.853
30.700
26.479
36.604
35.642
45.653
33.600
36.740
32.973
37.410
39.996
28.546
33.618
19.033
32.807
33.790
34.246
27.441
34.014
33.381
30.114
38.845
36.313
33.571
40.877
36.668
25.587
26.800
37.315
31.171
35.411
37.103
33.519
34.651
31.696
35.188
34.192
38.558
40.316
39.147
30.337
32.565
28.620
36.090
33.820
38.140
40.279
44.924
25.584
34.632
35.877
31.184
29.540
26.282
27.221
32.154
27.985
34.477
37.810
40.854
40.217
34.882
38.099
39.686
35.832
36.412
37.948
36.744
31.372
34.557
30.375
30.046
39.746
28.974
32.238
28.023
22.328
24.777
31.890
35.976
33.488
31.434
29.553
25.014
29.156
22.711
28.169
24.875
30.295
21.890
21.081
24.068
24.838
27.348
28.369
27.034
24.325
25.384
27.786
30.635
27.625
36.116
32.778
34.896
36.170
34.395
44.044
41.064
39.923
45.699
40.889
40.099
28.407
34.180
23.820
27.694
38.341
32.635
35.360
32.550
35.683
39.045
39.635
37.249
42.981
44.834
43.412
41.914
44.254
39.598
33.638
33.741
32.889
39.812
34.764
35.663
36.529
43.783
34.991
40.878
38.761
31.616
38.119
32.695
38.762
30.346
35.010
35.251
32.426
38.287
28.503
37.175
32.104
34.804
36.177
36.726
34.209
36.532
34.902
34.649
33.914
37.322
35.861
31.286
33.912
39.851
35.744
33.500
29.719
34.146
42.112
39.670
36.130
32.178
35.986
29.762
32.995
36.673
38.930
39.242
39.077
36.639
38.775
38.638
37.111
35.145
35.222
34.136
20.382
36.427
39.510
39.333
39.770
39.099
41.322
37.412
31.687
32.172
28.133
33.211
35.879
38.004
37.573
29.695
38.546
41.265
38.747
34.472
36.214
35.367
32.325
34.696
27.233
31.176
36.432
37.400
32.807
29.357
29.243
29.128
31.242
38.704
31.406
36.185
39.518
38.722
32.447
35.217
43.281
41.311
40.487
42.349
34.343
35.835
29.191
23.329
26.650
27.513
31.176
30.233
27.881
27.695
33.162
36.427
34.035
27.452
25.632
37.763
38.963
33.425
41.479
33.975
40.516
34.517
27.982
39.022
37.201
33.258
25.942
39.987
40.438
43.833
36.501
30.984
24.703
28.828
36.144
37.670
27.558
35.371
35.287
33.100
35.294
32.542
27.244
29.504
33.696
33.066
38.094
40.368
32.326
36.659
39.775
33.905
38.919
36.894
34.507
31.933
34.654
37.977
31.358
29.672
26.056
35.311
30.540
26.557
34.425
35.963
31.797
29.537
29.366
30.783
26.410
36.230
23.851
27.549
27.043
26.353
24.573
30.922
29.925
28.643
32.753
29.723
28.341
28.944
26.630
19.128
25.688
30.236
27.622
30.513
26.080
35.225
40.601
34.944
34.226
35.202
33.196
39.315
37.799
38.821
34.946
32.594
41.625
41.646
33.049
36.293
41.696
31.385
33.984
41.703
39.083
30.512
36.739
36.846
38.624
36.517
29.498
26.143
35.244
31.829
35.380
31.583
34.447
35.250
39.626
32.644
33.648
40.208
35.191
32.759
29.812
30.757
31.143
25.638
39.555
31.440
34.532
34.271
35.953
31.876
34.666
36.655
44.891
38.512
39.702
43.637
46.819
40.482
45.146
41.946
35.409
33.719
40.980
35.440
34.888
30.325
34.670
40.265
38.940
44.014
36.416
35.392
37.072
37.977
35.613
30.618
32.736
35.406
33.673
33.879
36.935
36.207
38.443
31.585
31.767
37.522
30.366
35.897
31.775
35.410
23.063
34.431
29.443
33.305
33.020
31.350
30.355
29.555
29.313
26.629
28.624
26.939
30.689
40.714
27.907
32.612
36.450
39.008
39.120
35.670
34.131
41.912
34.640
40.452
38.582
32.565
34.917
32.030
38.345
34.926
33.113
36.988
38.333
39.420
35.644
33.341
25.958
37.815
33.714
30.801
37.989
31.686
30.403
31.478
34.405
30.441
31.479
21.479
27.501
28.255
29.724
18.660
30.309
30.480
28.816
28.043
31.115
29.386
31.751
36.382
41.276
37.861
35.730
35.186
43.491
42.693
38.370
40.546
36.313
36.348
35.227
32.795
35.933
36.275
38.067
38.423
35.455
33.880
33.377
37.815
34.529
23.013
36.595
36.935
39.510
44.315
38.025
35.132
38.863
35.427
34.620
27.963
30.340
32.247
24.616
33.923
27.085
32.405
33.771
34.129
36.524
31.977
34.032
35.186
38.050
32.551
34.583
35.417
37.662
38.942
43.716
36.297
34.759
35.620
33.693
31.916
31.070
27.062
27.205
34.737
35.738
26.790
31.819
29.431
30.444
31.347
37.597
30.491
31.752
35.269
28.468
26.154
36.365
35.470
32.549
30.926
36.530
30.812
37.822
32.246
39.621
38.030
42.246
39.059
36.078
38.536
39.830
34.755
25.764
35.309
19.357
34.203
31.172
36.352
34.133
27.443
32.223
28.708
28.553
28.945
24.917
20.704
33.670
31.099
24.107
25.238
31.516
24.588
23.612
23.257
29.638
30.581
20.420
17.915
17.259
20.914
22.082
23.099
22.496
19.281
24.463
27.354
23.798
20.686
17.653
27.658
30.464
34.236
35.355
27.866
29.154
31.868
28.079
26.510
26.053
25.646
26.160
20.119
24.578
29.920
25.136
26.115
26.509
34.263
27.215
33.449
28.121
27.007
28.009
24.199
21.611
34.227
39.477
35.558
32.809
33.810
30.837
40.064
31.538
38.057
37.651
38.303
34.609
16.179
16.601
19.473
15.155
21.581
30.615
27.266
28.961
31.447
31.817
31.950
28.586
30.283
29.338
35.380
24.063
20.521
32.397
24.532
29.774
30.141
23.714
29.272
23.945
16.702
23.708
26.257
36.169
37.893
32.187
31.651
37.299
27.832
30.924
30.957
29.727
33.381
22.702
30.621
22.620
29.773
25.062
33.343
30.963
33.722
36.193
37.038
35.416
35.363
34.165
26.162
31.470
36.019
35.742
25.837
39.660
34.993
38.164
33.594
36.588
36.379
33.930
27.964
30.153
33.286
31.791
31.106
32.244
32.197
29.799
34.572
27.340
29.338
37.845
31.197
34.667
38.920
21.012
31.120
34.113
31.930
27.040
34.517
36.625
28.648
29.166
38.408
32.187
24.677
23.494
26.360
23.156
39.771
39.532
36.829
20.399
29.690
34.537
37.107
35.875
35.133
30.339
25.002
36.702
33.564
29.099
37.041
36.940
37.812
38.814
36.147
36.490
31.908
31.647
29.679
25.544
29.765
29.309
29.848
26.198
29.384
28.942
32.518
39.291
37.243
28.400
29.744
30.582
30.006
35.116
33.711
24.952
28.508
26.515
27.447
29.148
29.855
32.355
31.189
32.353
26.420
24.550
29.690
29.414
36.050
35.372
35.840
37.378
33.047
29.201
32.671
36.421
26.582
23.438
28.766
28.330
39.203
37.589
23.633
37.648
35.620
34.696
31.840
31.069
35.253
33.837
38.070
36.667
40.777
33.041
31.166
34.177
36.046
26.421
28.079
29.863
29.568
29.944
27.115
27.364
38.143
26.998
30.399
23.897
22.558
23.750
22.263
25.257
23.241
21.155
23.026
17.031
18.614
17.938
19.696
25.288
16.508
18.400
20.215
11.745
15.825
19.308
16.299
27.410
22.211
24.552
28.783
22.766
28.065
32.282
31.237
32.496
33.929
21.566
33.979
31.674
33.791
32.463
32.054
36.619
26.861
28.402
25.148
31.144
28.950
30.271
28.717
27.036
24.753
27.940
20.655
26.816
28.806
28.953
22.938
21.255
28.240
27.264
28.813
24.984
28.731
32.306
33.693
36.552
33.855
36.763
32.605
39.379
27.933
36.100
28.784
35.151
34.898
37.151
36.108
31.873
32.992
32.138
31.571
34.056
34.660
30.291
34.000
29.824
38.076
42.789
32.331
41.351
35.575
37.028
32.077
29.136
26.061
34.294
29.192
27.616
27.682
25.508
26.683
29.588
24.207
31.509
23.373
23.579
31.571
39.070
33.879
41.839
36.510
38.002
35.622
36.502
35.802
38.671
34.041
37.813
25.052
23.708
37.069
40.004
42.542
32.396
35.242
36.417
31.741
40.862
34.314
36.861
31.601
35.136
27.361
38.720
39.298
42.153
41.516
26.340
32.446
25.293
30.365
32.718
26.748
28.939
36.618
38.625
40.226
39.913
36.783
27.778
37.137
33.321
40.113
41.354
40.555
36.451
30.512
35.789
39.145
29.006
36.038
41.093
38.170
41.505
40.894
33.659
34.366
31.811
34.566
34.147
36.430
33.886
39.178
32.153
34.494
33.406
30.308
39.482
38.420
33.895
40.509
41.105
42.643
36.937
30.561
31.507
28.055
43.766
36.231
38.279
36.961
35.250
38.655
37.461
38.756
38.768
38.812
36.361
38.638
36.299
34.668
34.916
24.990
37.897
36.681
40.819
36.332
38.909
34.960
30.952
29.698
37.939
36.914
39.666
35.610
41.868
32.492
32.605
32.921
26.765
20.370
20.898
15.749
14.581
21.376
19.503
18.175
17.503
25.478
24.853
23.629
18.335
21.706
28.708
29.565
27.669
24.156
13.359
18.216
29.394
15.720
22.886
26.315
27.982
35.312
30.536
26.706
28.699
33.172
28.395
31.435
32.533
33.096
38.060
22.578
24.115
15.748
36.227
14.407
27.408
32.968
29.191
31.547
28.213
30.934
25.185
34.090
18.991
24.534
29.715
27.318
27.035
27.444
26.480
36.782
30.744
31.051
40.120
34.646
38.140
43.381
34.485
35.639
38.107
32.466
33.388
43.444
36.851
37.613
27.696
38.021
36.980
35.977
35.910
34.015
34.745
31.166
30.218
