 0.000715471717
 0.000234297147
 0.000081175405
 0.000992970410
 0.000828243909
 0.000603537233
 0.000345221924
 0.000486444110
 0.003776426683
 0.000509047270
 0.001568362588
 0.000034618899
 0.000069942201
 0.000608965293
 0.000201208031
 0.002350050298
 0.000872166609
 0.000313659187
 0.000050500902
 0.000040212410
 0.000228286335
 0.000068865184
 0.000176610306
 0.000115405120
 0.000530890575
 0.000071189350
 0.000059043253
 0.000078297883
 0.000024137596
 0.000433658266
 0.000348919008
 0.000226781170
 0.000357784390
 0.000063934894
 0.000023013628
 0.000572922534
 0.000110351836
 0.000246243717
 0.000771198464
 0.000557170675
 0.000216920054
 0.000170003088
 0.000558386965
 0.001632668947
 0.001700918884
 0.001172083173
 0.000206368039
 0.013853982359
 0.002330908429
 0.023897021401
 0.001302786992
 0.001754502736
 0.000228995674
 0.000157783662
 0.000076899918
 0.000114663725
 0.000618435308
 0.001020550937
 0.001080783064
 0.000035085474
 0.000136123960
 0.000140095882
 0.000071764328
 0.000436165650
 0.000126727768
 0.000638111099
 0.001493382769
 0.000178553375
 0.000547683498
 0.000637873526
 0.000400733821
 0.000895623314
 0.002497862677
 0.000566683377
 0.001571261852
 0.006876960512
 0.002520055460
 0.000066176363
 0.000064881003
 0.000586836893
 0.000255665171
 0.002671692872
 0.000221951091
 0.000509791075
 0.000811275133
 0.000081573997
 0.000093993998
 0.000099482403
 0.000026448248
 0.000031598138
 0.000422911025
 0.000011445514
 0.000041434743
 0.000007107296
 0.000007494714
 0.000031070159
 0.000028680760
 0.000031797210
 0.000015669225
 0.000412553139
 0.000093667604
 0.000219182277
 0.000551860842
 0.000027696608
 0.000196059219
 0.000004568702
 0.000108621898
 0.000036831812
 0.000130892840
 0.000012699645
 0.000039810876
 0.000005503040
 0.000070888344
 0.000009448777
 0.000049720791
 0.000047972410
 0.000019437175
 0.000318599489
 0.000020114229
 0.000009929111
 0.000399358542
 0.000034547385
 0.000491583460
 0.000163189702
 0.000148165316
 0.000044925320
 0.000072000214
 0.000014815614
 0.000054208342
 0.001622192347
 0.000480692245
 0.000296240519
 0.000203168778
 0.000117717140
 0.000179491642
 0.000126668332
 0.000156602653
 0.000088322248
 0.000172500316
 0.000063042405
 0.000124123587
 0.000119942066
 0.000538349272
 0.000205673215
 0.000067163272
 0.000063596755
 0.000060200732
 0.000628833434
 0.000171345090
 0.000112321601
 0.000106305607
 0.000032728498
 0.000031688604
 0.000074275022
 0.000006695931
 0.000048563821
 0.000005844912
 0.000006420530
 0.000034927837
 0.000101049322
 0.000005300449
 0.000497353343
 0.000113762239
 0.000193724263
 0.000215678769
 0.000172842267
 0.000020360320
 0.000068373395
 0.000861135424
 0.000020713690
 0.000179834003
 0.000010820035
 0.000037686060
 0.000102030755
 0.000053279980
 0.000156375323
 0.000024045814
 0.000019063054
 0.000008063121
 0.000008962595
 0.000007171277
 0.000049199052
 0.000001209430
 0.000255925662
 0.000380945565
 0.001236008604
 0.001135783167
 0.001188840113
 0.000209259086
 0.000101614341
 0.000258087082
 0.000032137558
 0.000149159877
 0.000164998067
 0.000337893072
 0.000168501517
 0.000049008924
 0.000190513257
 0.001098787874
 0.001402295181
 0.000793936886
 0.000131523370
 0.000071952154
 0.000082252578
 0.000078716378
 0.000017170680
 0.000237958062
 0.000065405229
 0.000029051991
 0.000039905589
 0.000024352690
 0.000097607615
 0.000073901794
 0.000167164563
 0.000049838269
 0.000409669027
 0.000003088851
 0.000035600980
 0.000010847212
 0.000041526860
 0.000010845079
 0.000016566653
 0.000008050455
 0.000032446330
 0.000399596291
 0.000341861185
 0.000024104381
 0.000211494458
 0.000160673533
 0.000147710344
 0.001133797123
 0.000409485801
 0.000018962118
 0.000340318590
 0.000087326370
 0.000154755063
 0.000013169499
 0.000012435299
 0.000014910847
 0.000021510062
 0.001404943771
 0.000051112137
 0.000025761318
 0.000017940217
 0.000029435568
 0.000012625303
 0.000032294725
 0.000006501868
 0.000025680457
 0.000004335136
 0.000120118940
 0.000088455055
 0.000100354172
 0.000014534271
 0.000003531297
 0.000119141248
 0.000011532957
 0.000173336762
 0.000013488279
 0.000046895582
 0.000160415199
 0.000054043567
 0.000196142461
 0.000055798333
 0.001160783954
 0.000359794286
 0.000044230303
 0.000146947801
 0.000349989035
 0.000067201507
 0.000217404841
 0.000064540707
 0.000298394037
 0.000046670161
 0.000081310612
 0.000146844067
 0.000089068774
 0.000061349209
 0.000950590786
 0.000020198123
 0.000040022255
 0.000126177708
 0.000167037482
 0.000004799026
 0.000072513998
 0.000027228199
 0.000169031513
 0.000221105619
 0.000427629574
 0.000218344475
 0.000211566306
 0.000038288678
 0.000072622581
 0.000205060020
 0.000288422815
 0.000129547009
 0.000039020991
 0.000322795802
 0.000050220622
 0.000019216994
 0.000024183084
 0.000011759283
 0.000050289449
 0.000006824124
 0.000352168559
 0.000081315163
 0.000078196042
 0.000153942945
 0.000062182086
 0.000030300606
 0.000020705008
 0.000090264167
 0.000208333260
 0.000054387972
 0.000049655698
 0.000243498053
 0.000058968201
 0.000050186525
 0.000061647247
 0.000220726736
 0.000107898508
 0.000009835673
 0.000114936988
 0.000076743832
 0.000614495091
 0.000118428903
 0.000244583100
 0.000035815187
 0.000151668352
 0.000373422851
 0.000085464010
 0.000059223057
 0.000136468884
 0.000447067569
 0.000445070739
 0.000112776737
 0.000363786653
 0.000030610963
 0.000064988190
 0.000063062561
 0.000158496050
 0.000117936738
 0.000063093704
 0.000083458293
 0.000157266978
 0.000024813110
 0.000224978604
 0.000853237992
 0.000499371393
 0.000972941345
 0.000081647315
 0.000051998604
 0.000231281203
 0.000012395442
 0.000495377387
 0.000826146777
 0.000463405609
 0.000044763175
 0.000055326241
 0.000190395393
 0.000063180941
 0.000360454646
 0.000075703068
 0.000110372530
 0.000074907182
 0.000128614200
 0.000155737251
 0.000358026606
 0.000247308860
 0.000057745786
 0.000012257199
 0.000006670646
 0.000012740292
 0.000022062603
 0.000517352694
 0.000012810167
 0.000014537824
 0.000015127186
 0.000035627900
 0.000006224269
 0.000396435215
 0.000031851685
 0.000038648357
 0.000021817190
 0.000050274632
 0.000315922473
 0.000554459925
 0.000495408646
 0.000686586771
 0.004049714587
 0.000019334541
 0.000008528520
 0.000096502539
 0.000156353414
 0.000284829189
 0.000485971404
 0.000032364583
 0.000033210648
 0.000005768943
 0.000037973334
 0.000016935723
 0.000008522048
 0.000011261382
 0.000012499426
 0.000003558212
 0.000018505796
 0.000020050994
 0.000006710098
 0.000097947540
 0.000073362258
 0.000045824060
 0.000017112018
 0.000047056492
 0.000006231034
 0.000020150287
 0.000021353126
 0.000001400831
 0.000004256186
 0.000015466208
 0.000033219569
 0.000026062331
 0.000002737325
 0.000026336557
 0.000023328713
 0.000044586532
 0.000011936702
 0.000024634077
 0.000010649405
 0.000090465856
 0.000077386325
 0.000429324462
 0.000109594529
 0.000055256508
 0.000031607980
 0.000036100944
 0.000041227428
 0.000020820270
 0.000027242820
 0.000026103079
 0.000005150191
 0.000037278042
 0.000026664929
 0.000006180053
 0.000123319911
 0.000009712181
 0.000171415881
 0.000131610370
 0.000142678122
 0.000440252588
 0.000059900032
 0.000110397180
 0.000249538494
 0.000083071340
 0.000034814523
 0.000479332200
 0.000075761444
 0.000150284014
 0.000032643639
 0.000330524791
 0.000262207011
 0.000025562232
 0.000008770702
 0.000028057343
 0.000062454389
 0.000057261735
 0.000026137593
 0.000016697241
 0.000038227228
 0.000069808010
 0.000353618946
 0.000097165927
 0.000435577829
 0.000103143713
 0.000171842001
 0.000019826413
 0.000564390077
 0.000897800427
 0.000014356766
 0.000136804162
 0.000054170398
 0.000332980572
 0.000695865445
 0.000859615680
 0.000302140691
 0.002964505606
 0.000900459322
 0.000119687549
 0.000066983909
 0.000042718058
 0.000256326337
 0.000164728556
 0.000212236513
 0.000288044569
 0.000260900722
 0.000179493732
 0.000139774748
 0.000098646577
 0.000021474279
 0.000060470273
 0.000056861168
 0.000386352718
 0.000055905191
 0.000049922068
 0.000019755676
 0.000085803911
 0.000115456068
 0.000038805229
 0.000017387320
 0.000504439370
 0.003290469347
 0.000438930950
 0.000782542278
 0.000670800488
 0.000165629428
 0.000022769398
 0.000029637947
 0.002537440855
 0.000081761493
 0.000282650716
 0.000104552133
 0.000016241804
 0.000052835568
 0.000059322170
 0.000039011265
 0.000019507980
 0.000043550981
 0.001188934919
 0.000375892086
 0.000045974463
 0.000052010404
 0.000065071979
 0.000032865017
 0.000417013594
 0.000094288469
 0.000076093475
 0.000032244005
 0.003699506832
 0.000052597846
 0.001829686369
 0.000245888364
 0.000047110660
 0.000047720616
 0.000130226942
 0.000145924461
 0.000105109603
 0.003948308478
 0.000127325911
 0.000102303934
 0.000370177896
 0.000342117329
 0.000070530095
 0.000077854870
 0.000014542946
 0.000068082501
 0.000096228467
 0.000060102419
 0.000050889327
 0.000068028924
 0.000209509130
 0.000208262656
 0.000343889535
 0.000145135258
 0.000311883899
 0.000194164098
 0.000900507402
 0.000045021264
 0.000097087874
 0.000243703126
 0.000113548147
 0.001517572690
 0.001778855501
 0.000322261005
 0.001502988722
 0.000696030120
 0.000345582955
 0.005171419297
 0.000430520648
 0.000018343832
 0.000190523881
 0.000174262117
 0.000539188378
 0.000580922420
 0.000337205190
 0.000515134363
 0.000213816217
 0.000139160574
 0.000724523771
 0.000029835162
 0.000226530936
 0.000457650802
 0.000055743150
 0.000470575692
 0.000201966962
 0.000288585662
 0.000081969657
 0.000079393715
 0.000066783913
 0.000115815421
 0.000339518307
 0.000070528803
 0.001231641671
 0.000106268324
 0.000094382905
 0.000062854211
 0.000969180045
 0.002170460242
 0.004611015747
 0.000395632339
 0.001135396417
 0.000716462475
 0.000576399370
 0.000403913335
 0.000454752135
 0.000035842479
 0.000066911510
 0.000021113145
 0.000170144267
 0.000111877425
 0.000068777141
 0.000128902067
 0.000171721311
 0.000196831767
 0.000115614994
 0.000074080573
 0.000430735370
 0.000037361547
 0.000408828118
 0.000022633770
 0.000016946265
 0.000038535245
 0.000054014823
 0.000210014430
 0.000025801144
 0.000011055086
 0.000012358801
 0.000038878913
 0.000079148274
 0.000023831199
 0.000226366553
 0.000366534088
 0.000231509018
 0.000055005522
 0.000030903216
 0.000377876175
 0.000065221005
 0.000342385845
 0.000015932861
 0.000031458832
 0.000012806565
 0.000013413627
 0.000024034090
 0.000080560602
 0.000018353616
 0.000003976586
 0.000018174838
 0.000009428569
 0.000089892289
 0.000163526262
 0.000044799876
 0.000050238096
 0.000010162592
 0.000038745081
 0.000013083269
 0.000125305602
 0.000010744279
 0.000034148510
 0.000242368261
 0.000241664149
 0.000973705733
 0.000084917780
 0.000254938496
 0.000040630626
 0.000218954511
 0.000160481529
 0.000015070551
 0.000014634127
 0.000026628437
 0.000055004479
 0.000479219768
 0.000056579694
 0.000002046137
 0.000124996293
 0.000015590977
 0.000052436832
 0.000006937853
 0.000156150579
 0.000046134371
 0.000012284258
 0.000282967605
 0.000051948481
 0.000045077875
 0.000028709691
 0.000057076484
 0.000415988193
 0.000375862155
 0.000653768045
 0.000006862439
 0.000434895509
 0.000082738504
 0.000263912794
 0.000108787872
 0.000221650004
 0.000147213896
 0.000105543233
 0.000132973549
 0.000084400841
 0.000544922139
 0.000031670570
 0.000012723552
 0.000024690877
 0.000228100792
 0.000044189105
 0.000439301851
 0.000322281118
 0.000166366125
 0.000232344699
 0.000012242571
 0.000015402916
 0.000018262251
 0.000129218261
 0.000062735848
 0.000016950721
 0.000022474134
 0.000021629154
 0.000024589229
 0.000017421710
 0.000050393181
 0.000257296712
 0.000010732671
 0.001023456517
 0.000088746852
 0.000053724507
 0.000141893801
 0.000905952081
 0.000063340421
 0.000007263265
 0.000024920727
 0.000024258696
 0.000105121936
 0.000107546602
 0.000062918636
 0.000019206986
 0.000014032063
 0.000027588930
 0.000032092269
 0.000009589122
 0.000024885388
 0.000010167252
 0.000013316314
 0.000019184204
 0.000200691776
 0.000100672847
 0.000043257175
 0.000621805677
 0.000047780697
 0.000051842502
 0.000040174902
 0.000023204038
 0.000006491062
 0.000154891191
 0.000343288906
 0.000079878011
 0.000389757923
 0.000660590154
 0.000024409869
 0.000292486665
 0.000076941446
 0.000454470136
 0.000042326768
 0.000069350723
 0.000066132246
 0.000502166169
 0.000025846951
 0.000075025671
 0.000085953574
 0.000064952980
 0.000025392984
 0.000015127328
 0.000203727690
 0.000008315968
 0.000020878523
 0.000237771934
 0.000098297143
 0.000084893463
 0.000361611204
 0.000078651553
 0.000097457231
 0.001824441298
 0.000971262995
 0.000253377574
 0.000342325991
 0.000871924311
 0.001672256907
 0.000695232355
 0.000162420143
 0.001985397453
 0.001828905720
 0.001846862761
 0.002063709863
 0.000428666620
 0.002787031134
 0.001954563200
 0.000873055803
 0.001049333781
 0.000188188446
 0.000096778302
 0.000652271120
 0.000048631804
 0.000107464418
 0.000689226990
 0.000033860558
 0.000475337153
 0.000046746949
 0.000088153693
 0.000107708837
 0.000519368385
 0.000821844323
 0.000193526508
 0.001271256725
 0.000304311984
 0.000065182006
 0.000044071393
 0.000005756328
 0.000033205798
 0.000028489626
 0.000003885759
 0.000261017070
 0.000129966749
 0.000028921411
 0.000262066416
 0.000037119409
 0.000008781730
 0.000024589110
 0.000133140356
 0.000164107183
 0.000045773177
 0.000100111630
 0.000086177798
 0.000036653455
 0.000065701402
 0.000080056174
 0.000161617793
 0.000046208451
 0.000188058637
 0.000577769104
 0.000322169083
 0.000213723320
 0.000433959207
 0.000159134802
 0.000188382231
 0.000009828929
 0.000115626849
 0.000045633319
 0.000060305257
 0.000135051080
 0.000074751879
 0.000377791010
 0.000468345253
 0.000228041722
 0.000263438742
 0.000021616969
 0.000043824989
 0.000035052859
 0.000040302419
 0.000002986189
 0.000049489632
 0.000016050518
 0.000231409987
 0.000005584334
 0.000021645997
 0.000067355878
 0.000108648799
 0.000083109410
 0.000101310915
 0.000050811405
 0.000011630437
 0.000017505657
 0.000039634524
 0.000183729757
 0.000064768721
 0.000064547528
 0.000024794468
 0.000647042865
 0.000600742385
 0.000101186266
 0.000662263388
 0.000826960674
 0.000022278126
 0.000155816084
 0.000027410030
 0.000030749624
 0.000013810379
 0.000021392544
 0.000032916705
 0.000109020501
 0.000171924018
 0.000006184256
 0.000015566995
 0.000017134185
 0.000143210864
 0.000187130140
 0.000152137235
 0.000123106138
 0.000154990708
 0.000207158770
 0.000084330455
 0.000057785602
 0.000134181462
 0.000782434361
 0.000480876802
 0.000272319226
 0.000250708315
 0.000282464365
 0.000297527151
 0.000322868470
 0.000055840776
 0.000058131010
 0.000413398594
 0.000223875293
 0.000518115219
 0.001035562680
 0.000245774114
 0.000155891502
 0.000291887474
 0.000162805044
 0.000740570172
 0.001260003052
 0.000593807162
 0.001306480261
 0.000132119962
 0.000080766860
 0.000127954812
 0.000136410014
 0.000054494589
 0.000633151959
 0.000037610488
 0.000217444180
 0.000265416881
 0.000078856926
 0.000113068561
 0.001039516943
 0.000165433366
 0.000040131765
 0.000782044088
 0.000169442087
 0.000112022774
 0.000538959509
 0.006536340174
 0.003736933866
 0.005293907837
 0.000217250697
 0.000897130373
 0.004092662162
 0.002295604590
 0.002330364297
 0.003265794821
 0.000327407106
 0.002286073137
 0.001687623191
 0.003149397755
 0.000832794185
 0.000141956726
 0.000101946734
 0.000236927920
 0.000359364818
 0.000340939178
 0.000892593947
 0.000489331510
 0.001248618125
 0.000069075259
 0.000163924286
 0.000286178434
 0.000235431272
 0.000187785713
 0.000096543334
 0.000021244649
 0.000104526486
 0.000092495905
 0.000033160536
 0.000018857754
 0.000079473445
 0.000047110908
 0.003023729017
 0.000161501670
 0.003887670313
 0.000833589711
 0.000047035521
 0.000232561487
 0.000163478816
 0.000027728155
 0.000023162348
 0.000337792417
 0.000194353486
 0.000045656705
 0.000043279361
 0.000081470624
 0.000088538511
 0.000004839896
 0.000308451473
 0.000070084433
 0.000188098673
 0.000734535098
 0.000306876123
 0.000084452884
 0.000065342972
 0.000052784406
 0.000234504317
 0.000264857222
 0.000120302698
 0.000106667843
 0.000028721352
 0.000054441134
 0.000023048630
 0.000229849552
 0.000089752722
 0.000144559015
 0.000024015486
 0.000121591208
 0.000094249590
 0.000314749880
 0.000097347708
 0.001707186644
 0.000007956068
 0.000064321332
 0.000005404707
 0.000335590887
 0.000069116333
 0.000034481955
 0.000058137425
 0.000041021735
 0.000082695226
 0.000069500474
 0.000222728794
 0.000017655466
 0.000247936597
 0.000974404627
 0.000267506029
 0.000099269997
 0.000089860522
 0.000054148827
 0.000058341461
 0.000023552098
 0.000511579122
 0.000036570459
 0.000030052823
 0.000040625204
 0.000016256157
 0.001290686534
 0.000020002781
 0.000288056991
 0.000030411331
 0.000105734181
 0.000762158912
 0.000835028356
 0.000045473029
 0.000025918897
 0.000033552806
 0.000513246737
 0.000661864924
 0.000021077582
 0.000652588839
 0.000095030097
 0.000137586520
 0.000673354841
 0.000089906373
 0.000034331743
 0.000279300843
 0.000256068707
 0.000419449808
 0.000139615583
 0.000642869747
 0.000019697885
 0.000317924922
 0.000125834613
 0.000085361551
 0.000088316243
 0.000781259871
 0.000021202428
 0.000197198585
 0.000042950181
 0.000153234078
 0.000039466074
 0.000147881569
 0.000005771737
 0.000252738349
 0.000198618496
 0.000037671672
 0.000034800493
 0.000325474301
 0.000212307183
 0.000846241944
 0.000664217869
 0.000078654777
 0.000854366625
 0.007242935932
 0.000795600746
 0.000439123751
 0.000353187935
 0.000057953853
 0.000075512629
 0.000093235938
 0.000255879293
 0.000049422503
 0.000153610435
 0.000045199151
 0.000054985335
 0.000030046007
 0.000124131286
 0.000132541490
 0.000025196467
 0.000030071540
 0.000182439259
 0.000011314500
 0.000080256198
 0.000008860021
 0.000003977336
 0.000160533081
 0.000084043472
 0.000651822719
 0.000008675956
 0.000048886031
 0.000033686615
 0.000005135120
 0.000138118177
 0.000084249420
 0.000079932369
 0.000442208581
 0.000023331766
 0.000022815532
 0.000009375998
 0.000048460379
 0.000008714784
 0.000007031605
 0.000015379674
 0.000020753733
 0.000022360887
 0.000019413145
 0.000006515809
 0.000008515631
 0.000012658895
 0.000008786228
 0.000003463525
 0.000048984914
 0.000021551458
 0.000077235434
 0.000199644404
 0.000044680446
 0.000003648757
 0.000026809749
 0.000046652148
 0.000014169117
 0.000009865715
 0.000054297305
 0.000034342789
 0.000115583579
 0.000098066984
 0.000037709390
 0.000456108641
 0.000166724144
 0.000080262713
 0.000089615370
 0.000123526106
 0.000003816698
 0.000074649529
 0.000035266799
 0.000334234879
 0.000181710386
 0.000114556125
 0.000018234610
 0.000186724438
 0.000066705167
 0.000260324239
 0.000138750865
 0.000055822183
 0.000330372527
 0.000175792337
 0.005298116375
 0.000967171441
 0.000166278356
 0.000301030407
 0.000160242359
 0.000107990158
 0.000465642505
 0.000196059689
 0.000032239781
 0.000039691433
 0.000273238598
 0.000097858607
 0.000565406366
 0.000630672867
 0.000091448120
 0.000188080548
 0.000300258972
 0.000148494431
 0.000013246274
 0.000703423390
 0.000079109001
 0.000139835881
 0.000124147370
 0.000079223997
 0.000074750048
 0.000048636253
 0.000395513230
 0.001778432548
 0.000731156203
 0.000043895270
 0.000597675779
 0.000663813489
 0.000170594266
 0.000027962211
 0.000049239298
 0.000194732158
 0.000157006212
 0.000025454630
 0.000002840437
 0.000006758227
 0.000007026874
 0.000027541498
 0.000042581013
 0.000062493046
 0.000213664479
 0.000036419170
 0.000130654084
 0.000223324181
 0.000415486813
 0.000036118150
 0.000054886874
 0.000024722071
 0.000062861172
 0.000029826163
 0.000026556643
 0.000054311520
 0.000039536853
 0.000048058504
 0.000013575086
 0.000111943725
 0.000037548457
 0.000211104887
 0.000058481282
 0.000033006658
 0.000004169459
 0.000163536125
 0.000034509053
 0.000082890489
 0.000095287428
 0.000066832928
 0.000050029785
 0.000048000846
 0.000063672025
 0.000129582119
 0.000067269796
 0.000065148315
 0.000564203710
 0.000364230541
 0.004408198147
 0.003494342916
 0.002044495253
 0.000540610567
 0.000137249635
 0.001286247054
 0.000679488073
 0.000103623195
 0.000113724651
 0.000119192708
 0.000476866304
 0.000240343325
 0.000550854790
 0.000063415500
 0.000066598521
 0.001167878642
 0.001624559642
 0.000173862722
 0.000170531298
 0.000082501625
 0.000606111894
 0.000045008309
 0.000103539087
 0.000030122539
 0.000103167665
 0.000106624423
 0.000900322992
 0.001130967769
 0.000062895361
 0.000006300562
 0.000484536135
 0.002525707250
 0.000475432923
 0.000494877093
 0.000334742654
 0.000246792992
 0.000161964118
 0.000249158421
 0.000175805252
 0.000061628194
 0.000444825114
 0.000155185057
 0.000196804069
 0.000029462296
 0.000110006831
 0.000923773779
 0.000061812704
 0.000157606484
 0.000347563832
 0.000108563415
 0.000110520841
 0.000068981850
 0.000058125939
 0.000108802764
 0.000134409917
 0.000505703716
 0.000468721575
 0.000861994511
 0.001765759638
 0.000149411804
 0.000594002407
 0.000056175881
 0.000151115905
 0.000820271177
 0.010507820274
 0.000888865913
 0.007382042981
 0.000068010085
 0.000137203679
 0.000423115221
 0.000124792576
 0.000138530875
 0.000113128781
 0.000125069890
 0.000038731046
 0.000229324648
 0.000343012690
 0.000016162487
 0.000025443749
 0.002226520431
 0.000154371588
 0.000625275394
 0.000012296498
 0.000150522878
 0.000226177053
 0.000300220376
 0.000835739864
 0.000349629536
 0.000052173662
 0.000132939613
 0.000015016437
 0.000472368288
 0.000044821664
 0.000076642005
 0.000125846385
 0.000131603892
 0.000754960411
 0.000064125388
 0.000221154004
 0.000057113231
 0.000025833519
 0.000097734283
 0.000373387168
 0.000054826348
 0.000095018338
 0.000446279398
 0.000457776485
 0.000224234887
 0.000250836725
 0.000330672061
 0.000133270643
 0.000481871667
 0.000061052602
 0.000031011451
 0.000094886616
 0.000122052852
 0.000624667334
 0.000031936625
 0.000036200405
 0.000143093955
 0.000414288090
 0.000218577358
 0.000068878714
 0.000156143083
 0.001720263682
 0.000121513478
 0.000086264189
 0.000071953007
 0.000010601843
 0.000102777915
 0.000046767671
 0.000281671877
 0.000153108968
 0.000042073283
 0.000050484214
 0.000059892410
 0.000020633035
 0.000064711493
 0.000036100739
 0.000142607788
 0.000036848800
 0.000211947350
 0.000046989727
 0.000092710437
 0.000037391770
 0.000036324484
 0.000034932431
 0.001194097180
 0.000613553148
 0.000595674165
 0.000110647053
 0.000522128705
 0.000125428400
 0.000050091231
 0.000020821298
 0.000026410571
 0.003071331966
 0.000024937951
 0.000007657532
 0.000182328457
 0.000403422510
 0.000148873728
 0.000067536064
 0.000090641749
 0.000002358440
 0.000014313206
 0.000479093873
 0.000015833551
 0.000013361940
 0.000022889282
 0.000063055493
 0.000027038578
 0.000173357665
 0.000083463527
 0.000060928799
 0.000073916685
 0.000025880200
 0.000084371490
 0.000667520012
 0.000106947610
 0.000297038319
 0.000021814057
 0.000044846950
 0.000123087985
 0.000835715252
 0.000027961732
 0.000057200894
 0.000041636075
 0.000093814130
 0.000024335471
 0.000004093449
 0.000173440309
 0.000032647766
 0.001597890606
 0.004482529051
 0.001883010360
 0.000534433743
 0.000346992900
 0.000104725076
 0.000222043155
 0.000071555845
 0.000045315332
 0.000073179779
 0.000738097461
 0.000008671290
 0.000014244968
 0.000041898763
 0.000115598128
 0.000158365036
 0.000032620137
 0.000030237840
 0.000044315203
 0.000016613411
 0.000038790538
 0.000163703373
 0.000035715640
 0.000050517670
 0.000207393528
 0.000050539546
 0.001577440521
 0.000544255989
 0.000012808423
 0.000135648488
 0.000003972845
 0.000005439004
 0.000009123524
 0.000305599889
 0.000387127886
 0.000589951395
 0.000003999569
 0.000231075064
 0.000121897828
 0.000012115705
 0.000171641689
 0.005821035247
 0.000067339495
 0.001136958540
 0.002481167658
 0.001857758516
 0.004466910165
 0.002847948611
 0.007150885450
 0.000268299973
 0.001781994660
 0.001114148383
 0.000174444894
 0.000060102425
 0.000069761002
 0.000271952711
 0.000219516267
 0.000007293896
 0.000067761045
 0.000116100200
 0.000021932111
 0.000998247455
 0.000029834031
 0.000006186345
 0.000024795358
 0.000094572196
 0.000011611220
 0.000013511256
 0.000022727212
 0.000021241469
 0.000001510877
 0.000003916928
 0.000064881306
 0.000063059406
 0.000046166385
 0.000003692994
 0.000015559361
 0.000005632302
 0.000004191314
 0.000037559681
 0.000026298842
 0.001406899425
 0.000250731427
 0.000034429652
 0.000131885819
 0.000073208055
 0.000099259989
 0.000007287943
 0.000007947749
 0.000034642410
 0.000109055300
 0.000613662026
 0.001224076724
 0.001966766913
 0.000015854265
 0.000123919484
 0.000023397239
 0.000008623804
 0.000018701436
 0.000023761413
 0.000180801917
 0.000075738935
 0.000421202896
 0.000144079263
 0.000284701842
 0.000853966025
 0.000100150459
 0.000139281087
 0.001190981396
 0.000911078024
 0.000980967059
 0.000190668013
 0.000084117247
 0.000114180767
 0.000087989336
 0.001923275012
 0.000790386546
 0.000062747787
 0.000120136790
 0.000307601413
 0.000208568314
 0.000087994073
 0.000068432313
 0.000068545220
 0.000592726651
 0.000871863267
 0.001158557404
 0.000080735726
 0.000643656722
 0.000026746783
 0.000272273162
 0.001839477163
 0.003428686402
 0.000454850791
 0.000131784564
 0.000048838673
 0.000560491702
 0.000226214140
 0.000175890345
 0.000142780698
 0.000252752932
 0.000104859675
 0.000025999741
 0.000780854592
 0.000100693801
 0.000148604812
 0.000030091748
 0.000382958563
 0.000285397052
 0.000231832306
 0.000164713399
 0.000261830956
 0.000450697953
 0.000271985580
 0.000148034191
 0.000974146351
 0.000563435668
 0.000528849504
 0.000134132501
 0.000722690489
 0.000054694331
 0.000057004269
 0.000024580119
 0.000144678842
 0.000053037560
 0.000023039071
 0.000252556632
 0.000054508486
 0.000072200665
 0.000266377056
 0.000134852268
 0.000254529006
 0.000239871100
 0.000006726585
 0.000054508736
 0.000048821286
 0.000109847695
 0.000015919778
 0.000022519509
 0.000066094110
 0.000085196817
 0.000007564883
 0.000017676035
 0.000009651636
 0.000013758800
 0.000004138586
 0.000019529969
 0.000016127042
 0.000088674318
 0.000113288566
 0.001075090607
 0.000145121033
 0.000218743679
 0.001683407022
 0.000179535518
 0.000011099115
 0.000267058109
 0.000542239659
 0.000114003415
 0.000140544560
 0.000554811031
 0.000045811100
 0.000607077930
 0.000088326215
 0.000111521974
 0.000339692275
 0.002401175472
 0.001006613667
 0.000864221725
 0.002981844219
 0.000260142312
 0.000237305614
 0.001363713494
 0.000052992261
 0.000171681052
 0.000113652549
 0.000035262306
 0.000432256339
 0.000223715890
 0.000348545436
 0.000189280952
 0.000315465377
 0.005525213249
 0.000467583441
 0.000538533077
 0.000025958016
 0.000062813308
 0.000215779665
 0.000052761864
 0.000073145970
 0.000198164068
 0.000146894765
 0.000331858461
 0.000145186368
 0.000201094333
 0.000168688072
 0.000145533248
 0.000238075753
 0.000463703986
 0.000374616465
 0.000021411992
 0.000050190645
 0.000062050366
 0.000327408295
 0.000586347972
 0.000148831782
 0.000194859587
 0.000139203730
 0.000040113679
 0.000349764973
 0.000054198816
 0.000476896998
 0.000426738218
 0.000240244942
 0.000235617460
 0.000104609417
 0.000147318841
 0.000054753522
 0.000074538880
 0.000038788288
 0.000054427693
 0.000046922308
 0.000167821408
 0.000089716097
 0.000154732525
 0.000050341981
 0.000019480586
 0.000016723144
 0.000027106549
 0.000010457510
 0.000030633393
 0.000017775356
 0.000004901221
 0.000011592087
 0.000004344823
 0.000004398021
 0.000003786183
 0.000009922397
 0.000052010331
 0.000016947523
 0.000023096156
 0.000016911829
 0.000022446563
 0.000020078213
 0.000405114102
 0.000018902833
 0.000009947333
 0.000052333955
 0.000131072188
 0.000038297638
 0.000066486967
 0.000330379520
 0.000019034016
 0.000079913088
 0.000101520838
 0.000018361902
 0.000087790912
 0.000064146366
 0.000018572998
 0.000214933775
 0.000020778760
 0.000087153267
 0.000053784190
 0.000014848750
 0.000005059490
 0.000030210202
 0.000016629318
 0.000180181700
 0.000276900967
 0.000177081751
 0.000058577574
 0.000498725101
 0.000495836780
 0.002352864455
 0.000386539849
 0.000050862950
 0.000080988354
 0.000026076480
 0.000644627298
 0.000090166661
 0.001062728591
 0.000194100180
 0.000252119997
 0.000034924907
 0.000023383053
 0.000174134596
 0.000054363705
 0.000019567625
 0.000119725750
 0.000036590048
 0.000023828810
 0.000009358934
 0.000181194928
 0.000037792643
 0.000037429855
 0.000105842038
 0.000087987502
 0.000042256562
 0.000063200501
 0.000016216691
 0.000147708304
 0.000243358899
 0.000016327407
 0.000086069956
 0.000137881680
 0.000026232896
 0.000183428489
 0.000108051775
 0.000161725747
 0.000044671499
 0.000102421690
 0.000802282051
 0.000049763690
 0.000187271719
 0.000031788038
 0.000020419515
 0.000338869695
 0.000093320320
 0.000138466651
 0.000265012723
 0.000459352851
 0.000078754493
 0.000088264262
 0.000042034321
 0.000052344393
 0.000874471586
 0.000148779302
 0.000004412242
 0.000078370088
 0.000072096865
 0.000033026970
 0.000294721116
 0.000092658591
 0.000104304739
 0.000091078144
 0.000067945651
 0.000009414938
 0.000083547834
 0.000011033172
 0.000035597797
 0.000014503162
 0.000016884701
 0.000057225336
 0.000010275534
 0.000020629589
 0.000018971324
 0.000280326350
 0.000028496176
 0.000096578687
 0.000023473884
 0.000022970789
 0.000001559787
 0.000036185667
 0.000532406505
 0.000021021248
 0.000062455144
 0.000023347846
 0.000185282767
 0.000306235692
 0.000179632237
 0.000422510262
 0.000004163353
 0.000087956975
 0.000111817192
 0.000055860973
 0.000027722023
 0.000018737008
 0.000049996933
 0.000239894212
 0.000033055021
 0.000177117870
 0.000028957042
 0.000091021485
 0.000017731379
 0.000003564439
 0.000242660524
 0.000524321731
 0.000232722348
 0.002242391152
 0.008511729288
 0.000087575417
 0.000129198186
 0.000299990039
 0.000192958105
 0.001036509327
 0.000076830909
 0.000116509649
 0.000225627539
 0.000011340940
 0.000466188292
 0.000151896583
 0.000364493522
 0.001253787660
 0.000755241637
 0.000139413855
 0.005367289525
 0.000562098273
 0.000472666706
 0.000556146253
 0.000036942780
 0.000280515121
 0.000108308678
 0.000285901619
 0.000247327026
 0.000022949289
 0.000253666487
 0.000016583784
 0.000193403566
 0.000098815020
 0.000292980392
 0.000106760355
 0.000044661800
 0.000058851898
 0.000619474601
 0.000253837789
 0.000768608013
 0.000594293561
 0.000341413205
 0.000073944554
 0.000396386542
 0.000222191432
 0.000658988194
 0.000085607234
 0.000268094149
 0.000134992999
 0.000371879895
 0.000074861504
 0.000481010082
 0.000263096835
 0.000015519804
 0.000004459231
 0.000094903897
 0.000055310778
 0.000011861204
 0.000012481848
 0.000114603521
 0.000022632829
 0.000637017802
 0.000439829204
 0.000133516787
 0.000043755057
 0.000083493072
 0.000138354788
 0.000139985446
 0.000041738932
 0.000020214073
 0.000300678573
 0.000074318900
 0.000020176346
 0.000011610150
 0.000256531864
 0.000272224243
 0.000008796211
 0.000150643156
 0.000006179281
 0.000029248393
 0.000065683219
 0.000342417294
 0.000331517072
 0.000088109345
 0.000032774505
 0.000058725395
 0.000017434302
 0.000022579604
 0.000050360419
 0.000003301463
 0.000033267526
 0.000001492644
 0.000007493747
 0.000018317654
 0.000037923296
 0.000031525321
 0.000010761858
 0.000069740928
 0.000014884336
 0.000048945814
 0.000061504351
 0.000377099375
 0.000670138940
 0.000115196432
 0.000193632671
 0.000079226705
 0.000006169959
 0.000092372099
 0.000054237881
 0.000022611809
 0.000351018592
 0.000260401777
 0.000052780146
 0.000256666980
 0.000225896983
 0.000220207853
 0.000258212769
 0.000226980163
 0.002797319121
 0.000022758390
 0.000007443162
 0.000179682161
 0.000998391948
 0.000042259491
 0.000209685566
 0.000395927201
 0.000216439799
 0.000023971435
 0.000447322980
 0.000371887251
 0.000112442208
 0.000136459377
 0.000248021760
 0.000019777939
 0.000086638170
 0.000066302464
 0.000154929388
 0.000106011898
 0.000057224356
 0.000024974230
 0.000113348469
 0.000507004857
 0.000061712573
 0.000058275768
 0.000043357381
 0.000006566498
 0.000010214518
 0.000009601766
 0.000015131487
 0.000195507406
 0.000247187634
 0.000002958461
 0.000011004746
 0.000106053805
 0.000055758976
 0.000053909653
 0.000427061129
 0.000538405257
 0.000398605335
 0.000117577084
 0.000317024160
 0.000313659726
 0.000021936018
 0.000020110428
 0.000016209202
 0.000015127240
 0.000024034258
 0.000042702209
 0.000014039767
 0.000013000329
 0.000025110093
 0.000118384629
 0.000012477057
 0.000028526628
 0.000055759206
 0.000011888553
 0.000030474871
 0.000201806800
 0.000239712410
 0.000025546341
 0.000197462432
 0.000493961126
 0.000190206156
 0.000827964453
 0.000361691665
 0.000300598035
 0.000614044341
 0.001907378121
 0.002587274655
 0.005248655377
 0.000244244937
 0.000108764188
 0.000171811254
 0.000043379024
 0.000699506980
 0.000402640480
 0.000542107225
 0.000306405224
 0.000379313471
 0.000252701447
 0.000044588360
 0.000296007144
 0.000742889700
 0.000184258299
 0.000119445351
 0.000153222613
 0.000055573726
 0.000056872068
 0.000032073047
 0.000015648137
 0.000006962989
 0.000168529752
 0.000018271272
 0.000097438978
 0.000392823863
 0.000021323252
 0.000026345678
 0.000011035666
 0.000007344234
 0.000009884521
 0.000021924900
 0.000010230409
 0.000070251184
 0.000015111526
 0.000003926534
 0.000003585528
 0.000017191675
 0.000008729141
 0.000001782429
 0.000048439247
 0.000030053113
 0.000012562202
 0.000025346766
 0.000006127210
 0.000008511770
 0.000003328667
 0.000059207119
 0.000006233274
 0.000087421840
 0.000149096451
 0.000076713190
 0.000075572234
 0.000047698234
 0.000661162747
 0.000232783843
 0.000276483829
 0.000132591134
 0.000005349555
 0.000011162738
 0.000065351145
 0.000012811644
 0.000086486093
 0.000049313646
 0.000037768359
 0.000007873018
 0.000009275342
 0.000131915520
 0.000008533912
 0.000070968445
 0.000055777495
 0.000253769180
 0.000369843947
 0.000157280927
 0.000285208753
 0.000023221491
 0.000038678751
 0.000631318903
 0.000080426779
 0.000158827152
 0.000540271139
 0.000349914924
 0.000071997003
 0.001048953838
 0.000023320930
 0.000010337523
 0.000129472960
 0.000127189624
 0.000020285231
 0.000046711461
 0.000064594742
 0.000458031347
 0.000011793175
 0.000085907857
 0.000041862331
 0.000335109221
 0.000020082667
 0.000009513264
 0.000005350832
 0.000016332975
 0.000049187111
 0.000319687736
 0.000221467231
 0.000072022547
 0.000530513707
 0.000163400978
 0.002014284463
 0.000455731212
 0.000029122685
 0.000247884256
 0.000071737259
 0.001427587051
 0.000641151767
 0.000262768705
 0.000685775285
 0.000682339373
 0.000109883367
 0.000144944147
 0.000417196427
 0.000019048298
 0.002710444602
 0.000066487020
 0.000027317378
 0.000036591872
 0.000082905236
 0.000231983410
 0.000528386716
 0.000175443942
 0.000286159088
 0.000346840554
 0.000132738663
 0.000334600794
 0.000020088196
 0.000120595213
 0.000089995747
 0.000110973977
 0.000347646267
 0.001095637554
 0.000314650243
 0.000461262357
 0.001558760166
 0.000061330182
 0.000033630198
 0.000025929092
 0.000328652243
 0.000037132126
 0.000068414246
 0.000077231200
 0.000267767783
 0.000436936094
 0.000222063675
 0.000199144654
 0.000049576533
 0.000340894253
 0.000067888067
 0.000019023377
 0.000183366655
 0.000074247636
 0.000038195377
 0.000499507386
 0.000160475833
 0.000449879787
 0.000350271468
 0.000390333402
 0.000047524153
 0.000181065548
 0.000062904983
 0.000060059203
 0.000095725895
 0.000050049478
 0.000429277344
 0.000081583928
 0.000129979908
 0.000468781136
 0.000086527896
 0.000034397926
 0.001204554603
 0.000014868510
 0.000122513379
 0.000226080990
 0.000017921496
 0.000030368936
 0.000021014544
 0.000007651191
 0.000026977350
 0.000016869142
 0.001527699072
 0.000122320491
 0.001691730731
 0.000061500747
 0.000313458986
 0.000012304425
 0.000132505290
 0.000012796100
 0.000052771538
 0.000043287808
 0.000044958055
 0.000084517099
 0.000040369482
 0.000048457896
 0.000046280279
 0.000018575764
 0.000313609691
 0.000012541837
 0.000106707932
 0.000007503215
 0.000049742773
 0.000023234726
 0.000031316260
 0.000024481341
 0.000032175279
 0.000004817541
 0.000008140696
 0.000023751672
 0.000024017651
 0.000117955536
 0.000168870146
 0.000088356784
 0.000059489450
 0.000175825990
 0.000060767012
 0.000019471756
 0.000110436459
 0.000113985417
 0.000203309026
 0.000054220084
 0.000005246234
 0.000002307688
 0.000001378770
 0.000044664882
 0.000070194383
 0.000098171973
 0.000009767940
 0.000022070389
 0.000206206565
 0.000046143895
 0.000023297252
 0.000034027704
 0.000050374993
 0.000056998806
 0.000004549182
 0.000138038766
 0.000118496085
 0.000016105819
 0.000012993565
 0.000015397080
 0.000102118900
 0.000083625658
 0.000021275451
 0.001554739438
 0.000042578509
 0.000055652671
 0.000127592943
 0.000301470822
 0.000224966545
 0.000062284735
 0.000201641759
 0.000099744392
 0.000090708516
 0.000081613616
 0.002481151767
 0.000263640282
 0.000015842392
 0.000269664993
 0.000067376284
 0.000158650367
 0.000057982612
 0.000040955817
 0.000015934548
 0.000011854290
 0.000078854955
 0.000013424899
 0.000003065150
 0.000016255935
 0.000044517483
 0.000005679225
 0.000025384900
 0.000007273829
 0.000032203948
 0.000043945863
 0.000024390473
 0.000020085018
 0.000037487790
 0.000013626995
 0.000002253786
 0.000013634839
 0.000003837966
 0.000049497468
 0.000069179018
 0.000056413587
 0.000944743305
 0.000352367144
 0.000177510331
 0.000721009509
 0.000494948765
 0.003267800635
 0.010461534594
 0.001440468547
 0.001168082275
 0.001702562395
 0.004570545219
 0.000267687441
 0.000448419258
 0.000365661836
 0.000325409216
 0.001276476379
 0.002765656488
 0.000182700234
 0.000042906994
 0.000140034323
 0.000281753069
 0.000049491248
 0.000303626347
 0.000108720175
 0.000088083952
 0.000051819177
 0.000063253413
 0.000257604123
 0.000038121402
 0.000134435560
 0.000091332344
 0.000088638005
 0.000188852213
 0.000014957033
 0.000032053991
 0.000036265891
 0.000377857612
 0.000144271509
 0.000087562457
 0.000162889459
 0.000040333094
 0.000005966630
 0.000010430151
 0.000036953795
 0.000002899330
 0.000091120433
 0.000132266330
 0.000041357040
 0.000035338901
 0.000017377065
 0.000164324514
 0.000234648749
 0.000263296664
 0.001216631611
 0.000190472428
 0.000155782746
 0.000052117723
 0.000289399681
 0.000044412854
 0.000053121700
 0.000116632554
 0.000097521938
 0.000105717921
 0.000006868974
 0.000013921173
 0.000082647946
 0.000130394908
 0.000014889029
 0.000052701654
 0.000067905588
 0.000062330832
 0.000184907383
 0.000011126381
 0.000064516310
 0.000710443287
 0.000931339579
 0.002739573244
 0.004461671482
 0.000568003951
 0.000067342250
 0.000023854533
 0.000672472264
 0.000213716244
 0.000197923464
 0.000071827315
 0.000081464742
 0.000578987466
 0.000035462668
 0.000054584132
 0.001390883172
 0.002159418778
 0.000258423049
 0.000264580516
 0.000150904505
 0.001187763898
 0.000090188456
 0.000585392310
 0.000116734526
 0.000476479007
 0.000034583466
 0.000029619405
 0.000022790217
 0.000003014231
 0.000129078540
 0.000049248157
 0.000061294577
 0.000489470063
 0.001137134448
 0.000056705786
 0.000345965039
 0.000128842282
 0.000189215998
 0.000054825452
 0.000153571870
 0.000307427368
 0.000380825846
 0.001111235772
 0.000173148913
 0.000659343482
 0.002135801361
 0.000757125373
 0.000032984870
 0.000023294495
 0.000130730960
 0.000493926990
 0.000042056022
 0.000059628864
 0.000210916121
 0.000166575273
 0.000113487722
 0.000030055851
 0.001916916819
 0.002545349405
 0.000697440452
 0.000320609446
 0.000016372245
 0.000156171859
 0.000108175548
 0.000810387249
 0.000120757199
 0.000084340688
 0.000740509090
 0.000067643511
 0.000094368732
 0.000627660218
 0.000660561215
 0.000049775500
 0.000019086079
 0.000616849363
 0.000078600837
 0.000021087448
 0.000052605320
 0.000379425059
 0.000143739959
 0.000192924735
 0.000072740963
 0.000085110850
 0.000112175741
 0.000065281453
 0.000112993021
 0.000028118203
 0.000025065296
 0.000102532761
 0.000109080064
 0.000578611271
 0.000058808373
 0.000086490464
 0.000267921226
 0.000549909640
 0.000180242193
 0.000063934940
 0.000047349393
 0.000086680774
 0.000299312001
 0.000066051000
 0.000051698474
 0.000049790388
 0.000023207817
 0.000015942368
 0.000127889784
 0.000201635421
 0.000401801676
 0.000782100407
 0.000671334602
 0.000076072975
 0.000194306231
 0.000854429652
 0.000026961576
 0.000143536707
 0.001346287688
 0.000014291182
 0.000004365658
 0.000039610983
 0.000022935288
 0.000114974540
 0.000372627688
 0.000021812575
 0.000023022278
 0.000092436642
 0.000010496617
 0.000197742166
 0.000096518412
 0.000064341221
 0.000044079772
 0.000067918408
 0.000182454994
 0.001698173260
 0.000573140453
 0.002064258065
 0.000257819075
 0.000076305701
 0.000265605359
 0.000255196489
 0.000303690434
 0.001634260988
 0.000220528541
 0.002396013162
 0.005090652423
 0.001253485629
 0.008878883062
 0.001020605439
 0.000574050860
 0.000810993698
 0.000742031149
 0.000761268800
 0.004965546596
 0.001015040938
 0.000248957115
 0.000147465735
 0.000045962712
 0.000338310972
 0.000029812642
 0.000205161499
 0.000177568248
 0.000033014237
 0.000013453876
 0.000091216690
 0.000170109040
 0.000082256114
 0.000059154982
 0.000105955035
 0.000204071075
 0.000057858296
 0.000016501530
 0.000030049469
 0.000316243968
 0.000051212638
 0.000240736330
 0.000110485195
 0.000068048297
 0.000097449558
 0.000044067390
 0.000005742163
 0.000070788488
 0.000047874339
 0.000263679194
 0.000146345933
 0.000014064128
 0.000123416068
 0.000419231035
 0.000081026026
 0.000116520736
 0.001435024947
 0.000159951821
 0.000121610719
 0.000064231750
 0.000031270930
 0.000052202088
 0.000104808002
 0.000314690123
 0.000431165590
 0.000329598273
 0.000446548559
 0.002875406257
 0.000109071039
 0.000131976836
 0.000010208032
 0.000071180308
 0.000020244422
 0.000046400950
 0.000033299929
 0.000010351489
 0.000012000039
 0.000700413304
 0.000125000461
 0.000095310598
 0.000031660492
 0.000208890690
 0.000027706947
 0.000298050761
 0.000036645203
 0.000411100570
 0.000132606896
 0.000576172704
 0.000070249270
 0.000214119800
 0.001383031373
 0.001028304098
 0.000649951677
 0.000039432572
 0.000122953805
 0.000033627385
 0.000076505591
 0.000372776568
 0.000015418837
 0.000023425431
 0.000030475855
 0.000351159253
 0.000168305592
 0.000207759428
 0.000239448182
 0.000045257276
 0.000055237454
 0.000080516524
 0.000021625229
 0.000038045708
 0.000166210822
 0.000292187168
 0.000069103001
 0.000275714703
 0.000372226972
 0.000085501150
 0.000200600710
 0.000051487959
 0.000022255847
 0.000060929830
 0.000030221881
 0.000045187955
 0.000030705686
 0.000009570586
 0.000006607828
 0.000083441608
 0.000063416941
 0.000006057544
 0.000068224879
 0.000030198499
 0.000284380392
 0.000142460987
 0.000041604597
 0.000099222990
 0.000456974498
 0.000142696615
 0.000067450537
 0.002007864271
 0.000309007639
 0.000868541863
 0.000475723048
 0.000291419829
 0.000029300217
 0.000093486527
 0.000089855427
 0.000053060467
 0.000159428744
 0.000218603376
 0.000054618705
 0.000099689788
 0.000720035645
 0.000995253781
 0.000169687869
 0.000370493508
 0.001316721539
 0.000157235814
 0.000003676622
 0.000082571713
 0.000052344588
 0.000309203043
 0.000060303251
 0.000127260366
 0.000514777335
 0.000084632259
 0.000038421278
 0.000292551616
 0.000227091600
 0.000225342690
 0.000125288033
 0.001209855288
 0.000276633448
 0.000518357749
 0.000082723021
 0.001038320265
 0.000177917388
 0.000179455051
 0.000252737905
 0.000032472965
 0.000098034593
 0.000018860717
 0.000065434564
 0.000203998776
 0.000105946821
 0.000516857493
 0.000026516297
 0.000204430142
 0.000025513656
 0.001539557908
 0.000042531248
 0.000028346675
 0.000301752614
 0.000088962391
 0.000020638570
 0.000020706609
 0.000056643236
 0.000086939621
 0.000036845725
 0.000004720331
 0.000167897538
 0.000007160861
 0.000494276460
 0.000037924840
 0.000043640859
 0.000018553641
 0.000484249238
 0.000045084424
 0.000093505742
 0.000651099873
 0.000260880815
 0.001541289994
 0.003858711910
 0.000158726734
 0.000089829120
 0.000358781605
 0.000906347292
 0.000116440129
 0.000076892418
 0.001313516444
 0.000254042388
 0.000173905407
 0.000081893129
 0.000086468645
 0.000030128486
 0.000105979103
 0.000075850407
 0.000015632886
 0.000440540896
 0.001000352326
 0.000100702732
 0.000305909515
 0.000086806671
 0.000057488679
 0.000080697565
 0.000192447830
 0.000463646661
 0.000182623464
 0.000296544589
 0.000094877527
 0.000088487322
 0.000437553486
 0.000448587120
 0.000076145281
 0.000262197029
 0.000514800795
 0.000460015615
 0.000302569958
 0.000058374339
 0.000114680685
 0.000140036948
 0.000470177828
 0.007205798883
 0.000880830808
 0.000420493866
 0.000090947662
 0.000852512036
 0.000097832570
 0.000537032352
 0.001797167489
 0.003960434635
 0.000132275780
 0.000087664268
 0.000282698910
 0.000079650021
 0.000027070117
 0.000503053421
 0.000060398108
 0.000242919152
 0.000046192829
 0.000037279761
 0.000109414027
 0.000073717600
 0.000042737441
 0.000103190238
 0.000144803002
 0.000043489360
 0.000197978757
 0.000086045221
 0.000062763161
 0.000528969627
 0.000429425550
 0.000584724745
 0.000588233985
 0.000296196179
 0.002199686696
 0.000616580660
 0.000168605855
 0.000197390251
 0.000039712107
 0.000031079114
 0.000047853561
 0.000045368493
 0.000115024128
 0.000117100133
 0.000162260414
 0.000279595426
 0.000190025575
 0.001447561493
 0.000317061433
 0.000240681350
 0.000058238334
 0.000044928300
 0.000104375938
 0.000124488500
 0.000400957595
 0.000077369682
 0.000130590399
 0.000057189737
 0.000019761276
 0.000034241585
 0.000021561080
 0.000034003087
 0.000163203425
 0.000016013666
 0.000044204103
 0.000022285322
 0.000069836742
 0.000038624419
 0.000021346896
 0.000078261625
 0.000046689376
 0.000084870593
 0.000715320043
 0.000947299814
 0.000189921076
 0.000050122791
 0.000145202549
 0.000106721253
 0.000135216554
 0.000084239811
 0.000052846242
 0.000036881289
 0.000001627737
 0.000022267883
 0.000051433961
 0.000078827187
 0.000012697719
 0.000093110217
 0.000017418338
 0.000748643227
 0.000179606390
 0.000126188389
 0.000005682751
 0.000015234022
 0.000007803774
 0.000002433699
 0.000019146932
 0.000018987104
 0.000024715310
 0.000154516367
 0.000650371714
 0.000091209741
 0.000173472048
 0.000020598461
 0.000215685660
 0.000083822981
 0.000132940331
 0.000159349043
 0.000127454328
 0.000064106327
 0.000043823356
 0.000051617678
 0.000167604551
 0.000051590392
 0.001135901330
 0.001507358781
 0.000050338524
 0.000108296785
 0.000041925797
 0.000070822603
 0.000026255601
 0.000019031443
 0.000006199733
 0.000008530114
 0.000059060048
 0.005109578671
 0.000511365281
 0.000532965992
 0.008622472280
 0.000403079669
 0.000842165841
 0.000035633641
 0.001020235350
 0.000051119662
 0.000033622836
 0.000036736681
 0.004296318391
 0.000224025103
 0.000174096364
 0.000148254152
 0.000240520378
 0.000014313090
 0.000684030927
 0.000391855028
 0.000033892086
 0.000648828963
 0.000225871068
 0.000178546860
 0.000033444002
 0.000022852540
 0.000014975664
 0.000005585755
 0.000032917364
 0.000017566878
 0.000010404761
 0.000110374528
 0.000060843371
 0.000026089993
 0.000010052846
 0.000013655894
 0.000030856162
 0.000383731265
 0.000040122035
 0.000104570734
 0.000172345513
 0.000119835582
 0.000040397549
 0.001967190088
 0.000029557916
 0.000643692882
 0.000164320502
 0.000193924686
 0.002110001411
 0.002008262807
 0.000139690521
 0.000231287214
 0.000027357677
 0.000081525346
 0.000082013553
 0.000158255728
 0.000181073287
 0.000035738732
 0.000031621577
 0.001216031593
 0.000028228897
 0.000047809921
 0.000136757077
 0.000071584303
 0.000266915736
 0.000400659856
 0.000201891962
 0.000061525968
 0.000082091330
 0.000015436324
 0.000024817801
 0.000007774114
 0.000006347960
 0.000012103868
 0.000013191357
 0.000044378361
 0.000054593773
 0.001778090104
 0.000097885697
